0.001000	0.822774	0.000000
0.001000	0.665409	0.000000
0.001000	0.533729	0.000000
0.001000	0.424383	0.000000
0.001000	0.334251	0.000000
0.001000	0.260574	0.000000
0.001000	0.200871	0.000000
0.001000	0.152966	0.000000
0.001000	0.114940	0.000000
0.001000	0.085122	0.000000
0.001000	0.062055	0.000000
0.001000	0.044482	0.000000
0.001000	0.031323	0.000000
0.001000	0.021657	0.000000
0.001000	0.014709	0.000000
0.010000	0.010185	0.010181
0.010000	0.938935	0.000000
0.010000	0.672597	0.000000
0.010000	0.474058	0.000000
0.010000	0.328824	0.000000
0.010000	0.224483	0.000000
0.010000	0.150905	0.000000
0.010000	0.100086	0.000000
0.010000	0.065810	0.000000
0.010000	0.043326	0.000000
0.010000	0.029057	0.000000
0.010000	0.020364	0.000000
0.010000	0.015333	0.000000
0.010000	0.012585	0.000000
0.010000	0.011173	0.000000
0.010000	0.010494	0.000000
0.010000	0.010191	0.000000
0.010000	0.010067	0.000000
0.010000	0.010021	0.000000
0.010000	0.010006	0.000000
0.010000	0.010001	0.000000
0.010000	0.010000	0.000000
0.010000	0.010000	0.000000
0.010000	0.010000	0.000000
0.010000	0.010000	0.000000
0.010000	0.010000	0.000000
0.010000	0.010000	0.000000
0.010000	0.010000	0.000000
0.010000	0.010000	0.000000
0.010000	0.010000	0.000000
0.010000	0.010000	0.000000
0.010000	0.010000	0.000000
0.010000	0.010000	0.000000
0.010000	0.010000	0.000000
0.010000	0.010000	0.000000
0.020000	0.020769	0.020739
0.020000	0.690874	0.000000
0.020000	0.466488	0.000000
0.020000	0.310419	0.000000
0.020000	0.204135	0.000000
0.020000	0.133318	0.000000
0.020000	0.087302	0.000000
0.020000	0.058299	0.000000
0.020000	0.040733	0.000000
0.020000	0.030635	0.000000
0.020000	0.025149	0.000000
0.020000	0.022335	0.000000
0.020000	0.020983	0.000000
0.020000	0.020379	0.000000
0.020000	0.020132	0.000000
0.020000	0.020041	0.000000
0.020000	0.020011	0.000000
0.020000	0.020003	0.000000
0.020000	0.020000	0.000000
0.020000	0.020000	0.000000
0.020000	0.020000	0.000000
0.020000	0.020000	0.000000
0.020000	0.020000	0.000000
0.020000	0.020000	0.000000
0.020000	0.020000	0.000000
0.020000	0.020000	0.000000
0.020000	0.020000	0.000000
0.020000	0.020000	0.000000
0.020000	0.020000	0.000000
0.020000	0.020000	0.000000
0.020000	0.020000	0.000000
0.020000	0.020000	0.000000
0.020000	0.020000	0.000000
0.020000	0.020000	0.000000
0.020000	0.020000	0.000000
0.020000	0.020000	0.000000
0.020000	0.020000	0.000000
0.020000	0.020000	0.000000
0.020000	0.020000	0.000000
0.020000	0.020000	0.000000
0.020000	0.020000	0.000000
0.030000	0.031802	0.031690
0.030000	0.725074	0.000000
0.030000	0.478573	0.000000
0.030000	0.312263	0.000000
0.030000	0.202590	0.000000
0.030000	0.131954	0.000000
0.030000	0.087735	0.000000
0.030000	0.061107	0.000000
0.030000	0.045905	0.000000
0.030000	0.037692	0.000000
0.030000	0.033488	0.000000
0.030000	0.031467	0.000000
0.030000	0.030566	0.000000
0.030000	0.030197	0.000000
0.030000	0.030061	0.000000
0.030000	0.030016	0.000000
0.030000	0.030004	0.000000
0.030000	0.030001	0.000000
0.030000	0.030000	0.000000
0.030000	0.030000	0.000000
0.030000	0.030000	0.000000
0.030000	0.030000	0.000000
0.030000	0.030000	0.000000
0.030000	0.030000	0.000000
0.030000	0.030000	0.000000
0.030000	0.030000	0.000000
0.030000	0.030000	0.000000
0.030000	0.030000	0.000000
0.030000	0.030000	0.000000
0.030000	0.030000	0.000000
0.030000	0.030000	0.000000
0.030000	0.030000	0.000000
0.030000	0.030000	0.000000
0.030000	0.030000	0.000000
0.030000	0.030000	0.000000
0.030000	0.030000	0.000000
0.030000	0.030000	0.000000
0.030000	0.030000	0.000000
0.030000	0.030000	0.000000
0.030000	0.030000	0.000000
0.040000	0.043339	0.043054
0.040000	0.998083	0.000000
0.040000	0.655107	0.000000
0.040000	0.424549	0.000000
0.040000	0.273696	0.000000
0.040000	0.177315	0.000000
0.040000	0.117372	0.000000
0.040000	0.081486	0.000000
0.040000	0.061143	0.000000
0.040000	0.050214	0.000000
0.040000	0.044630	0.000000
0.040000	0.041947	0.000000
0.040000	0.040751	0.000000
0.040000	0.040262	0.000000
0.040000	0.040081	0.000000
0.040000	0.040022	0.000000
0.040000	0.040005	0.000000
0.040000	0.040001	0.000000
0.040000	0.040000	0.000000
0.040000	0.040000	0.000000
0.040000	0.040000	0.000000
0.040000	0.040000	0.000000
0.040000	0.040000	0.000000
0.040000	0.040000	0.000000
0.040000	0.040000	0.000000
0.040000	0.040000	0.000000
0.040000	0.040000	0.000000
0.040000	0.040000	0.000000
0.040000	0.040000	0.000000
0.040000	0.040000	0.000000
0.040000	0.040000	0.000000
0.040000	0.040000	0.000000
0.040000	0.040000	0.000000
0.040000	0.040000	0.000000
0.040000	0.040000	0.000000
0.040000	0.040000	0.000000
0.040000	0.040000	0.000000
0.040000	0.040000	0.000000
0.040000	0.040000	0.000000
0.040000	0.040000	0.000000
0.050000	0.055451	0.054847
0.050000	0.839400	0.000000
0.050000	0.541008	0.000000
0.050000	0.346706	0.000000
0.050000	0.223422	0.000000
0.050000	0.147223	0.000000
0.050000	0.101870	0.000000
0.050000	0.076349	0.000000
0.050000	0.062714	0.000000
0.050000	0.055762	0.000000
0.050000	0.052423	0.000000
0.050000	0.050934	0.000000
0.050000	0.050325	0.000000
0.050000	0.050101	0.000000
0.050000	0.050027	0.000000
0.050000	0.050006	0.000000
0.050000	0.050001	0.000000
0.050000	0.050000	0.000000
0.050000	0.050000	0.000000
0.050000	0.050000	0.000000
0.050000	0.050000	0.000000
0.050000	0.050000	0.000000
0.050000	0.050000	0.000000
0.050000	0.050000	0.000000
0.050000	0.050000	0.000000
0.050000	0.050000	0.000000
0.050000	0.050000	0.000000
0.050000	0.050000	0.000000
0.050000	0.050000	0.000000
0.050000	0.050000	0.000000
0.050000	0.050000	0.000000
0.050000	0.050000	0.000000
0.050000	0.050000	0.000000
0.050000	0.050000	0.000000
0.050000	0.050000	0.000000
0.050000	0.050000	0.000000
0.050000	0.050000	0.000000
0.050000	0.050000	0.000000
0.050000	0.050000	0.000000
0.060000	0.068219	0.067081
0.060000	0.661558	0.000000
0.060000	0.421683	0.000000
0.060000	0.270316	0.000000
0.060000	0.177301	0.000000
0.060000	0.122260	0.000000
0.060000	0.091522	0.000000
0.060000	0.075195	0.000000
0.060000	0.066884	0.000000
0.060000	0.062894	0.000000
0.060000	0.061115	0.000000
0.060000	0.060388	0.000000
0.060000	0.060120	0.000000
0.060000	0.060032	0.000000
0.060000	0.060007	0.000000
0.060000	0.060001	0.000000
0.060000	0.060000	0.000000
0.060000	0.060000	0.000000
0.060000	0.060000	0.000000
0.060000	0.060000	0.000000
0.060000	0.060000	0.000000
0.060000	0.060000	0.000000
0.060000	0.060000	0.000000
0.060000	0.060000	0.000000
0.060000	0.060000	0.000000
0.060000	0.060000	0.000000
0.060000	0.060000	0.000000
0.060000	0.060000	0.000000
0.060000	0.060000	0.000000
0.060000	0.060000	0.000000
0.060000	0.060000	0.000000
0.060000	0.060000	0.000000
0.060000	0.060000	0.000000
0.060000	0.060000	0.000000
0.060000	0.060000	0.000000
0.060000	0.060000	0.000000
0.060000	0.060000	0.000000
0.060000	0.060000	0.000000
0.070000	0.081739	0.079764
0.070000	0.786011	0.000000
0.070000	0.498677	0.000000
0.070000	0.318044	0.000000
0.070000	0.207621	0.000000
0.070000	0.142656	0.000000
0.070000	0.106662	0.000000
0.070000	0.087654	0.000000
0.070000	0.077996	0.000000
0.070000	0.073361	0.000000
0.070000	0.071295	0.000000
0.070000	0.070451	0.000000
0.070000	0.070139	0.000000
0.070000	0.070037	0.000000
0.070000	0.070009	0.000000
0.070000	0.070002	0.000000
0.070000	0.070000	0.000000
0.070000	0.070000	0.000000
0.070000	0.070000	0.000000
0.070000	0.070000	0.000000
0.070000	0.070000	0.000000
0.070000	0.070000	0.000000
0.070000	0.070000	0.000000
0.070000	0.070000	0.000000
0.070000	0.070000	0.000000
0.070000	0.070000	0.000000
0.070000	0.070000	0.000000
0.070000	0.070000	0.000000
0.070000	0.070000	0.000000
0.070000	0.070000	0.000000
0.070000	0.070000	0.000000
0.070000	0.070000	0.000000
0.070000	0.070000	0.000000
0.070000	0.070000	0.000000
0.070000	0.070000	0.000000
0.070000	0.070000	0.000000
0.070000	0.070000	0.000000
0.070000	0.070000	0.000000
0.080000	0.096128	0.092892
0.080000	0.914067	0.000000
0.080000	0.577712	0.000000
0.080000	0.366653	0.000000
0.080000	0.238201	0.000000
0.080000	0.163058	0.000000
0.080000	0.121769	0.000000
0.080000	0.100093	0.000000
0.080000	0.089098	0.000000
0.080000	0.083824	0.000000
0.080000	0.081473	0.000000
0.080000	0.080512	0.000000
0.080000	0.080158	0.000000
0.080000	0.080043	0.000000
0.080000	0.080010	0.000000
0.080000	0.080002	0.000000
0.080000	0.080000	0.000000
0.080000	0.080000	0.000000
0.080000	0.080000	0.000000
0.080000	0.080000	0.000000
0.080000	0.080000	0.000000
0.080000	0.080000	0.000000
0.080000	0.080000	0.000000
0.080000	0.080000	0.000000
0.080000	0.080000	0.000000
0.080000	0.080000	0.000000
0.080000	0.080000	0.000000
0.080000	0.080000	0.000000
0.080000	0.080000	0.000000
0.080000	0.080000	0.000000
0.080000	0.080000	0.000000
0.080000	0.080000	0.000000
0.080000	0.080000	0.000000
0.080000	0.080000	0.000000
0.080000	0.080000	0.000000
0.080000	0.080000	0.000000
0.080000	0.080000	0.000000
0.080000	0.080000	0.000000
0.090000	0.111524	0.106444
0.090000	0.658781	0.000000
0.090000	0.416194	0.000000
0.090000	0.269064	0.000000
0.090000	0.183467	0.000000
0.090000	0.136842	0.000000
0.090000	0.112512	0.000000
0.090000	0.100191	0.000000
0.090000	0.094282	0.000000
0.090000	0.091649	0.000000
0.090000	0.090573	0.000000
0.090000	0.090177	0.000000
0.090000	0.090048	0.000000
0.090000	0.090011	0.000000
0.090000	0.090002	0.000000
0.090000	0.090000	0.000000
0.090000	0.090000	0.000000
0.090000	0.090000	0.000000
0.090000	0.090000	0.000000
0.090000	0.090000	0.000000
0.090000	0.090000	0.000000
0.090000	0.090000	0.000000
0.090000	0.090000	0.000000
0.090000	0.090000	0.000000
0.090000	0.090000	0.000000
0.090000	0.090000	0.000000
0.090000	0.090000	0.000000
0.090000	0.090000	0.000000
0.090000	0.090000	0.000000
0.090000	0.090000	0.000000
0.090000	0.090000	0.000000
0.090000	0.090000	0.000000
0.090000	0.090000	0.000000
0.090000	0.090000	0.000000
0.090000	0.090000	0.000000
0.090000	0.090000	0.000000
0.090000	0.090000	0.000000
0.100000	0.128088	0.120374
0.100000	0.741837	0.000000
0.100000	0.466715	0.000000
0.100000	0.300233	0.000000
0.100000	0.203883	0.000000
0.100000	0.151881	0.000000
0.100000	0.124911	0.000000
0.100000	0.111275	0.000000
0.100000	0.104737	0.000000
0.100000	0.101823	0.000000
0.100000	0.100634	0.000000
0.100000	0.100195	0.000000
0.100000	0.100052	0.000000
0.100000	0.100012	0.000000
0.100000	0.100002	0.000000
0.100000	0.100000	0.000000
0.100000	0.100000	0.000000
0.100000	0.100000	0.000000
0.100000	0.100000	0.000000
0.100000	0.100000	0.000000
0.100000	0.100000	0.000000
0.100000	0.100000	0.000000
0.100000	0.100000	0.000000
0.100000	0.100000	0.000000
0.100000	0.100000	0.000000
0.100000	0.100000	0.000000
0.100000	0.100000	0.000000
0.100000	0.100000	0.000000
0.100000	0.100000	0.000000
0.100000	0.100000	0.000000
0.100000	0.100000	0.000000
0.100000	0.100000	0.000000
0.100000	0.100000	0.000000
0.100000	0.100000	0.000000
0.100000	0.100000	0.000000
0.100000	0.100000	0.000000
0.100000	0.100000	0.000000
0.110000	0.146006	0.134593
0.110000	0.826797	0.000000
0.110000	0.518260	0.000000
0.110000	0.331737	0.000000
0.110000	0.224306	0.000000
0.110000	0.166885	0.000000
0.110000	0.137290	0.000000
0.110000	0.122349	0.000000
0.110000	0.115187	0.000000
0.110000	0.111996	0.000000
0.110000	0.110693	0.000000
0.110000	0.110214	0.000000
0.110000	0.110057	0.000000
0.110000	0.110013	0.000000
0.110000	0.110002	0.000000
0.110000	0.110000	0.000000
0.110000	0.110000	0.000000
0.110000	0.110000	0.000000
0.110000	0.110000	0.000000
0.110000	0.110000	0.000000
0.110000	0.110000	0.000000
0.110000	0.110000	0.000000
0.110000	0.110000	0.000000
0.110000	0.110000	0.000000
0.110000	0.110000	0.000000
0.110000	0.110000	0.000000
0.110000	0.110000	0.000000
0.110000	0.110000	0.000000
0.110000	0.110000	0.000000
0.110000	0.110000	0.000000
0.110000	0.110000	0.000000
0.110000	0.110000	0.000000
0.110000	0.110000	0.000000
0.110000	0.110000	0.000000
0.110000	0.110000	0.000000
0.110000	0.110000	0.000000
0.110000	0.110000	0.000000
0.120000	0.165478	0.148957
0.120000	0.913539	0.000000
0.120000	0.570866	0.000000
0.120000	0.363609	0.000000
0.120000	0.244737	0.000000
0.120000	0.181853	0.000000
0.120000	0.149649	0.000000
0.120000	0.133414	0.000000
0.120000	0.125633	0.000000
0.120000	0.122166	0.000000
0.120000	0.120752	0.000000
0.120000	0.120232	0.000000
0.120000	0.120062	0.000000
0.120000	0.120014	0.000000
0.120000	0.120003	0.000000
0.120000	0.120000	0.000000
0.120000	0.120000	0.000000
0.120000	0.120000	0.000000
0.120000	0.120000	0.000000
0.120000	0.120000	0.000000
0.120000	0.120000	0.000000
0.120000	0.120000	0.000000
0.120000	0.120000	0.000000
0.120000	0.120000	0.000000
0.120000	0.120000	0.000000
0.120000	0.120000	0.000000
0.120000	0.120000	0.000000
0.120000	0.120000	0.000000
0.120000	0.120000	0.000000
0.120000	0.120000	0.000000
0.120000	0.120000	0.000000
0.120000	0.120000	0.000000
0.120000	0.120000	0.000000
0.120000	0.120000	0.000000
0.120000	0.120000	0.000000
0.120000	0.120000	0.000000
0.120000	0.120000	0.000000
0.130000	0.186709	0.163241
0.130000	0.624558	0.000000
0.130000	0.395885	0.000000
0.130000	0.265177	0.000000
0.130000	0.196785	0.000000
0.130000	0.161988	0.000000
0.130000	0.144470	0.000000
0.130000	0.136075	0.000000
0.130000	0.132336	0.000000
0.130000	0.130811	0.000000
0.130000	0.130250	0.000000
0.130000	0.130067	0.000000
0.130000	0.130015	0.000000
0.130000	0.130003	0.000000
0.130000	0.130000	0.000000
0.130000	0.130000	0.000000
0.130000	0.130000	0.000000
0.130000	0.130000	0.000000
0.130000	0.130000	0.000000
0.130000	0.130000	0.000000
0.130000	0.130000	0.000000
0.130000	0.130000	0.000000
0.130000	0.130000	0.000000
0.130000	0.130000	0.000000
0.130000	0.130000	0.000000
0.130000	0.130000	0.000000
0.130000	0.130000	0.000000
0.130000	0.130000	0.000000
0.130000	0.130000	0.000000
0.130000	0.130000	0.000000
0.130000	0.130000	0.000000
0.130000	0.130000	0.000000
0.130000	0.130000	0.000000
0.130000	0.130000	0.000000
0.130000	0.130000	0.000000
0.130000	0.130000	0.000000
0.140000	0.209868	0.177119
0.140000	0.679346	0.000000
0.140000	0.428606	0.000000
0.140000	0.285626	0.000000
0.140000	0.211681	0.000000
0.140000	0.174308	0.000000
0.140000	0.155517	0.000000
0.140000	0.146513	0.000000
0.140000	0.142504	0.000000
0.140000	0.140868	0.000000
0.140000	0.140267	0.000000
0.140000	0.140072	0.000000
0.140000	0.140016	0.000000
0.140000	0.140003	0.000000
0.140000	0.140000	0.000000
0.140000	0.140000	0.000000
0.140000	0.140000	0.000000
0.140000	0.140000	0.000000
0.140000	0.140000	0.000000
0.140000	0.140000	0.000000
0.140000	0.140000	0.000000
0.140000	0.140000	0.000000
0.140000	0.140000	0.000000
0.140000	0.140000	0.000000
0.140000	0.140000	0.000000
0.140000	0.140000	0.000000
0.140000	0.140000	0.000000
0.140000	0.140000	0.000000
0.140000	0.140000	0.000000
0.140000	0.140000	0.000000
0.140000	0.140000	0.000000
0.140000	0.140000	0.000000
0.140000	0.140000	0.000000
0.140000	0.140000	0.000000
0.140000	0.140000	0.000000
0.140000	0.140000	0.000000
0.150000	0.235040	0.190166
0.150000	0.735222	0.000000
0.150000	0.461817	0.000000
0.150000	0.306086	0.000000
0.150000	0.226538	0.000000
0.150000	0.186609	0.000000
0.150000	0.166555	0.000000
0.150000	0.156948	0.000000
0.150000	0.152670	0.000000
0.150000	0.150926	0.000000
0.150000	0.150285	0.000000
0.150000	0.150076	0.000000
0.150000	0.150017	0.000000
0.150000	0.150003	0.000000
0.150000	0.150000	0.000000
0.150000	0.150000	0.000000
0.150000	0.150000	0.000000
0.150000	0.150000	0.000000
0.150000	0.150000	0.000000
0.150000	0.150000	0.000000
0.150000	0.150000	0.000000
0.150000	0.150000	0.000000
0.150000	0.150000	0.000000
0.150000	0.150000	0.000000
0.150000	0.150000	0.000000
0.150000	0.150000	0.000000
0.150000	0.150000	0.000000
0.150000	0.150000	0.000000
0.150000	0.150000	0.000000
0.150000	0.150000	0.000000
0.150000	0.150000	0.000000
0.150000	0.150000	0.000000
0.150000	0.150000	0.000000
0.150000	0.150000	0.000000
0.150000	0.150000	0.000000
0.150000	0.150000	0.000000
0.160000	0.262159	0.201884
0.160000	0.792160	0.000000
0.160000	0.495569	0.000000
0.160000	0.326557	0.000000
0.160000	0.241357	0.000000
0.160000	0.198890	0.000000
0.160000	0.177584	0.000000
0.160000	0.167379	0.000000
0.160000	0.162834	0.000000
0.160000	0.160982	0.000000
0.160000	0.160302	0.000000
0.160000	0.160081	0.000000
0.160000	0.160018	0.000000
0.160000	0.160003	0.000000
0.160000	0.160001	0.000000
0.160000	0.160000	0.000000
0.160000	0.160000	0.000000
0.160000	0.160000	0.000000
0.160000	0.160000	0.000000
0.160000	0.160000	0.000000
0.160000	0.160000	0.000000
0.160000	0.160000	0.000000
0.160000	0.160000	0.000000
0.160000	0.160000	0.000000
0.160000	0.160000	0.000000
0.160000	0.160000	0.000000
0.160000	0.160000	0.000000
0.160000	0.160000	0.000000
0.160000	0.160000	0.000000
0.160000	0.160000	0.000000
0.160000	0.160000	0.000000
0.160000	0.160000	0.000000
0.160000	0.160000	0.000000
0.160000	0.160000	0.000000
0.160000	0.160000	0.000000
0.160000	0.160000	0.000000
0.170000	0.290965	0.211779
0.170000	0.850113	0.000000
0.170000	0.529913	0.000000
0.170000	0.347041	0.000000
0.170000	0.256137	0.000000
0.170000	0.211151	0.000000
0.170000	0.188605	0.000000
0.170000	0.177805	0.000000
0.170000	0.172997	0.000000
0.170000	0.171038	0.000000
0.170000	0.170319	0.000000
0.170000	0.170085	0.000000
0.170000	0.170019	0.000000
0.170000	0.170004	0.000000
0.170000	0.170001	0.000000
0.170000	0.170000	0.000000
0.170000	0.170000	0.000000
0.170000	0.170000	0.000000
0.170000	0.170000	0.000000
0.170000	0.170000	0.000000
0.170000	0.170000	0.000000
0.170000	0.170000	0.000000
0.170000	0.170000	0.000000
0.170000	0.170000	0.000000
0.170000	0.170000	0.000000
0.170000	0.170000	0.000000
0.170000	0.170000	0.000000
0.170000	0.170000	0.000000
0.170000	0.170000	0.000000
0.170000	0.170000	0.000000
0.170000	0.170000	0.000000
0.170000	0.170000	0.000000
0.170000	0.170000	0.000000
0.170000	0.170000	0.000000
0.170000	0.170000	0.000000
0.170000	0.170000	0.000000
0.180000	0.321012	0.219472
0.180000	0.909018	0.000000
0.180000	0.564905	0.000000
0.180000	0.367540	0.000000
0.180000	0.270877	0.000000
0.180000	0.223394	0.000000
0.180000	0.199617	0.000000
0.180000	0.188229	0.000000
0.180000	0.183159	0.000000
0.180000	0.181094	0.000000
0.180000	0.180336	0.000000
0.180000	0.180090	0.000000
0.180000	0.180020	0.000000
0.180000	0.180004	0.000000
0.180000	0.180001	0.000000
0.180000	0.180000	0.000000
0.180000	0.180000	0.000000
0.180000	0.180000	0.000000
0.180000	0.180000	0.000000
0.180000	0.180000	0.000000
0.180000	0.180000	0.000000
0.180000	0.180000	0.000000
0.180000	0.180000	0.000000
0.180000	0.180000	0.000000
0.180000	0.180000	0.000000
0.180000	0.180000	0.000000
0.180000	0.180000	0.000000
0.180000	0.180000	0.000000
0.180000	0.180000	0.000000
0.180000	0.180000	0.000000
0.180000	0.180000	0.000000
0.180000	0.180000	0.000000
0.180000	0.180000	0.000000
0.180000	0.180000	0.000000
0.180000	0.180000	0.000000
0.180000	0.180000	0.000000
0.190000	0.351745	0.224778
0.190000	0.968800	0.000000
0.190000	0.600596	0.000000
0.190000	0.388054	0.000000
0.190000	0.285577	0.000000
0.190000	0.235618	0.000000
0.190000	0.210621	0.000000
0.190000	0.198648	0.000000
0.190000	0.193319	0.000000
0.190000	0.191149	0.000000
0.190000	0.190353	0.000000
0.190000	0.190094	0.000000
0.190000	0.190021	0.000000
0.190000	0.190004	0.000000
0.190000	0.190001	0.000000
0.190000	0.190000	0.000000
0.190000	0.190000	0.000000
0.190000	0.190000	0.000000
0.190000	0.190000	0.000000
0.190000	0.190000	0.000000
0.190000	0.190000	0.000000
0.190000	0.190000	0.000000
0.190000	0.190000	0.000000
0.190000	0.190000	0.000000
0.190000	0.190000	0.000000
0.190000	0.190000	0.000000
0.190000	0.190000	0.000000
0.190000	0.190000	0.000000
0.190000	0.190000	0.000000
0.190000	0.190000	0.000000
0.190000	0.190000	0.000000
0.190000	0.190000	0.000000
0.190000	0.190000	0.000000
0.190000	0.190000	0.000000
0.190000	0.190000	0.000000
0.190000	0.190000	0.000000
0.200000	0.382613	0.227728
0.200000	0.637035	0.000000
0.200000	0.408586	0.000000
0.200000	0.300234	0.000000
0.200000	0.247823	0.000000
0.200000	0.221617	0.000000
0.200000	0.209064	0.000000
0.200000	0.203477	0.000000
0.200000	0.201203	0.000000
0.200000	0.200369	0.000000
0.200000	0.200098	0.000000
0.200000	0.200022	0.000000
0.200000	0.200004	0.000000
0.200000	0.200001	0.000000
0.200000	0.200000	0.000000
0.200000	0.200000	0.000000
0.200000	0.200000	0.000000
0.200000	0.200000	0.000000
0.200000	0.200000	0.000000
0.200000	0.200000	0.000000
0.200000	0.200000	0.000000
0.200000	0.200000	0.000000
0.200000	0.200000	0.000000
0.200000	0.200000	0.000000
0.200000	0.200000	0.000000
0.200000	0.200000	0.000000
0.200000	0.200000	0.000000
0.200000	0.200000	0.000000
0.200000	0.200000	0.000000
0.200000	0.200000	0.000000
0.200000	0.200000	0.000000
0.200000	0.200000	0.000000
0.200000	0.200000	0.000000
0.200000	0.200000	0.000000
0.200000	0.200000	0.000000
0.210000	0.413163	0.228519
0.210000	0.674263	0.000000
0.210000	0.429139	0.000000
0.210000	0.314849	0.000000
0.210000	0.260009	0.000000
0.210000	0.232604	0.000000
0.210000	0.219476	0.000000
0.210000	0.213634	0.000000
0.210000	0.211257	0.000000
0.210000	0.210385	0.000000
0.210000	0.210103	0.000000
0.210000	0.210023	0.000000
0.210000	0.210004	0.000000
0.210000	0.210001	0.000000
0.210000	0.210000	0.000000
0.210000	0.210000	0.000000
0.210000	0.210000	0.000000
0.210000	0.210000	0.000000
0.210000	0.210000	0.000000
0.210000	0.210000	0.000000
0.210000	0.210000	0.000000
0.210000	0.210000	0.000000
0.210000	0.210000	0.000000
0.210000	0.210000	0.000000
0.210000	0.210000	0.000000
0.210000	0.210000	0.000000
0.210000	0.210000	0.000000
0.210000	0.210000	0.000000
0.210000	0.210000	0.000000
0.210000	0.210000	0.000000
0.210000	0.210000	0.000000
0.210000	0.210000	0.000000
0.210000	0.210000	0.000000
0.210000	0.210000	0.000000
0.210000	0.210000	0.000000
0.220000	0.443075	0.227436
0.220000	0.712304	0.000000
0.220000	0.449716	0.000000
0.220000	0.329420	0.000000
0.220000	0.272177	0.000000
0.220000	0.243583	0.000000
0.220000	0.229885	0.000000
0.220000	0.223790	0.000000
0.220000	0.221310	0.000000
0.220000	0.220401	0.000000
0.220000	0.220107	0.000000
0.220000	0.220024	0.000000
0.220000	0.220004	0.000000
0.220000	0.220001	0.000000
0.220000	0.220000	0.000000
0.220000	0.220000	0.000000
0.220000	0.220000	0.000000
0.220000	0.220000	0.000000
0.220000	0.220000	0.000000
0.220000	0.220000	0.000000
0.220000	0.220000	0.000000
0.220000	0.220000	0.000000
0.220000	0.220000	0.000000
0.220000	0.220000	0.000000
0.220000	0.220000	0.000000
0.220000	0.220000	0.000000
0.220000	0.220000	0.000000
0.220000	0.220000	0.000000
0.220000	0.220000	0.000000
0.220000	0.220000	0.000000
0.220000	0.220000	0.000000
0.220000	0.220000	0.000000
0.220000	0.220000	0.000000
0.220000	0.220000	0.000000
0.220000	0.220000	0.000000
0.230000	0.472163	0.224790
0.230000	0.751168	0.000000
0.230000	0.470319	0.000000
0.230000	0.343947	0.000000
0.230000	0.284327	0.000000
0.230000	0.254554	0.000000
0.230000	0.240291	0.000000
0.230000	0.233944	0.000000
0.230000	0.231363	0.000000
0.230000	0.230417	0.000000
0.230000	0.230111	0.000000
0.230000	0.230025	0.000000
0.230000	0.230005	0.000000
0.230000	0.230001	0.000000
0.230000	0.230000	0.000000
0.230000	0.230000	0.000000
0.230000	0.230000	0.000000
0.230000	0.230000	0.000000
0.230000	0.230000	0.000000
0.230000	0.230000	0.000000
0.230000	0.230000	0.000000
0.230000	0.230000	0.000000
0.230000	0.230000	0.000000
0.230000	0.230000	0.000000
0.230000	0.230000	0.000000
0.230000	0.230000	0.000000
0.230000	0.230000	0.000000
0.230000	0.230000	0.000000
0.230000	0.230000	0.000000
0.230000	0.230000	0.000000
0.230000	0.230000	0.000000
0.230000	0.230000	0.000000
0.230000	0.230000	0.000000
0.230000	0.230000	0.000000
0.230000	0.230000	0.000000
0.240000	0.500344	0.220869
0.240000	0.790840	0.000000
0.240000	0.490955	0.000000
0.240000	0.358429	0.000000
0.240000	0.296458	0.000000
0.240000	0.265517	0.000000
0.240000	0.250693	0.000000
0.240000	0.244097	0.000000
0.240000	0.241415	0.000000
0.240000	0.240433	0.000000
0.240000	0.240115	0.000000
0.240000	0.240026	0.000000
0.240000	0.240005	0.000000
0.240000	0.240001	0.000000
0.240000	0.240000	0.000000
0.240000	0.240000	0.000000
0.240000	0.240000	0.000000
0.240000	0.240000	0.000000
0.240000	0.240000	0.000000
0.240000	0.240000	0.000000
0.240000	0.240000	0.000000
0.240000	0.240000	0.000000
0.240000	0.240000	0.000000
0.240000	0.240000	0.000000
0.240000	0.240000	0.000000
0.240000	0.240000	0.000000
0.240000	0.240000	0.000000
0.240000	0.240000	0.000000
0.240000	0.240000	0.000000
0.240000	0.240000	0.000000
0.240000	0.240000	0.000000
0.240000	0.240000	0.000000
0.240000	0.240000	0.000000
0.240000	0.240000	0.000000
0.240000	0.240000	0.000000
0.250000	0.527607	0.215918
0.250000	0.831283	0.000000
0.250000	0.511628	0.000000
0.250000	0.372865	0.000000
0.250000	0.308571	0.000000
0.250000	0.276473	0.000000
0.250000	0.261092	0.000000
0.250000	0.254248	0.000000
0.250000	0.251467	0.000000
0.250000	0.250449	0.000000
0.250000	0.250119	0.000000
0.250000	0.250027	0.000000
0.250000	0.250005	0.000000
0.250000	0.250001	0.000000
0.250000	0.250000	0.000000
0.250000	0.250000	0.000000
0.250000	0.250000	0.000000
0.250000	0.250000	0.000000
0.250000	0.250000	0.000000
0.250000	0.250000	0.000000
0.250000	0.250000	0.000000
0.250000	0.250000	0.000000
0.250000	0.250000	0.000000
0.250000	0.250000	0.000000
0.250000	0.250000	0.000000
0.250000	0.250000	0.000000
0.250000	0.250000	0.000000
0.250000	0.250000	0.000000
0.250000	0.250000	0.000000
0.250000	0.250000	0.000000
0.250000	0.250000	0.000000
0.250000	0.250000	0.000000
0.250000	0.250000	0.000000
0.250000	0.250000	0.000000
0.250000	0.250000	0.000000
0.260000	0.553990	0.210134
0.260000	0.872440	0.000000
0.260000	0.532345	0.000000
0.260000	0.387254	0.000000
0.260000	0.320666	0.000000
0.260000	0.287421	0.000000
0.260000	0.271487	0.000000
0.260000	0.264399	0.000000
0.260000	0.261518	0.000000
0.260000	0.260464	0.000000
0.260000	0.260123	0.000000
0.260000	0.260028	0.000000
0.260000	0.260005	0.000000
0.260000	0.260001	0.000000
0.260000	0.260000	0.000000
0.260000	0.260000	0.000000
0.260000	0.260000	0.000000
0.260000	0.260000	0.000000
0.260000	0.260000	0.000000
0.260000	0.260000	0.000000
0.260000	0.260000	0.000000
0.260000	0.260000	0.000000
0.260000	0.260000	0.000000
0.260000	0.260000	0.000000
0.260000	0.260000	0.000000
0.260000	0.260000	0.000000
0.260000	0.260000	0.000000
0.260000	0.260000	0.000000
0.260000	0.260000	0.000000
0.260000	0.260000	0.000000
0.260000	0.260000	0.000000
0.260000	0.260000	0.000000
0.260000	0.260000	0.000000
0.260000	0.260000	0.000000
0.260000	0.260000	0.000000
0.270000	0.579562	0.203665
0.270000	0.914234	0.000000
0.270000	0.553117	0.000000
0.270000	0.401595	0.000000
0.270000	0.332743	0.000000
0.270000	0.298361	0.000000
0.270000	0.281879	0.000000
0.270000	0.274547	0.000000
0.270000	0.271568	0.000000
0.270000	0.270479	0.000000
0.270000	0.270127	0.000000
0.270000	0.270029	0.000000
0.270000	0.270005	0.000000
0.270000	0.270001	0.000000
0.270000	0.270000	0.000000
0.270000	0.270000	0.000000
0.270000	0.270000	0.000000
0.270000	0.270000	0.000000
0.270000	0.270000	0.000000
0.270000	0.270000	0.000000
0.270000	0.270000	0.000000
0.270000	0.270000	0.000000
0.270000	0.270000	0.000000
0.270000	0.270000	0.000000
0.270000	0.270000	0.000000
0.270000	0.270000	0.000000
0.270000	0.270000	0.000000
0.270000	0.270000	0.000000
0.270000	0.270000	0.000000
0.270000	0.270000	0.000000
0.270000	0.270000	0.000000
0.270000	0.270000	0.000000
0.270000	0.270000	0.000000
0.270000	0.270000	0.000000
0.270000	0.270000	0.000000
0.280000	0.604400	0.196611
0.280000	0.956579	0.000000
0.280000	0.573955	0.000000
0.280000	0.415887	0.000000
0.280000	0.344803	0.000000
0.280000	0.309294	0.000000
0.280000	0.292268	0.000000
0.280000	0.284695	0.000000
0.280000	0.281619	0.000000
0.280000	0.280494	0.000000
0.280000	0.280131	0.000000
0.280000	0.280029	0.000000
0.280000	0.280005	0.000000
0.280000	0.280001	0.000000
0.280000	0.280000	0.000000
0.280000	0.280000	0.000000
0.280000	0.280000	0.000000
0.280000	0.280000	0.000000
0.280000	0.280000	0.000000
0.280000	0.280000	0.000000
0.280000	0.280000	0.000000
0.280000	0.280000	0.000000
0.280000	0.280000	0.000000
0.280000	0.280000	0.000000
0.280000	0.280000	0.000000
0.280000	0.280000	0.000000
0.280000	0.280000	0.000000
0.280000	0.280000	0.000000
0.280000	0.280000	0.000000
0.280000	0.280000	0.000000
0.280000	0.280000	0.000000
0.280000	0.280000	0.000000
0.280000	0.280000	0.000000
0.280000	0.280000	0.000000
0.280000	0.280000	0.000000
0.290000	0.628588	0.189029
0.290000	0.999386	0.000000
0.290000	0.594876	0.000000
0.290000	0.430130	0.000000
0.290000	0.356845	0.000000
0.290000	0.320219	0.000000
0.290000	0.302654	0.000000
0.290000	0.294841	0.000000
0.290000	0.291668	0.000000
0.290000	0.290509	0.000000
0.290000	0.290135	0.000000
0.290000	0.290030	0.000000
0.290000	0.290006	0.000000
0.290000	0.290001	0.000000
0.290000	0.290000	0.000000
0.290000	0.290000	0.000000
0.290000	0.290000	0.000000
0.290000	0.290000	0.000000
0.290000	0.290000	0.000000
0.290000	0.290000	0.000000
0.290000	0.290000	0.000000
0.290000	0.290000	0.000000
0.290000	0.290000	0.000000
0.290000	0.290000	0.000000
0.290000	0.290000	0.000000
0.290000	0.290000	0.000000
0.290000	0.290000	0.000000
0.290000	0.290000	0.000000
0.290000	0.290000	0.000000
0.290000	0.290000	0.000000
0.290000	0.290000	0.000000
0.290000	0.290000	0.000000
0.290000	0.290000	0.000000
0.290000	0.290000	0.000000
0.290000	0.290000	0.000000
0.300000	0.652204	0.180937
0.300000	0.615901	0.000000
0.300000	0.444324	0.000000
0.300000	0.368870	0.000000
0.300000	0.331137	0.000000
0.300000	0.313037	0.000000
0.300000	0.304986	0.000000
0.300000	0.301717	0.000000
0.300000	0.300524	0.000000
0.300000	0.300139	0.000000
0.300000	0.300031	0.000000
0.300000	0.300006	0.000000
0.300000	0.300001	0.000000
0.300000	0.300000	0.000000
0.300000	0.300000	0.000000
0.300000	0.300000	0.000000
0.300000	0.300000	0.000000
0.300000	0.300000	0.000000
0.300000	0.300000	0.000000
0.300000	0.300000	0.000000
0.300000	0.300000	0.000000
0.300000	0.300000	0.000000
0.300000	0.300000	0.000000
0.300000	0.300000	0.000000
0.300000	0.300000	0.000000
0.300000	0.300000	0.000000
0.300000	0.300000	0.000000
0.300000	0.300000	0.000000
0.300000	0.300000	0.000000
0.300000	0.300000	0.000000
0.300000	0.300000	0.000000
0.300000	0.300000	0.000000
0.300000	0.300000	0.000000
0.300000	0.300000	0.000000
0.310000	0.675313	0.172316
0.310000	0.637063	0.000000
0.310000	0.458467	0.000000
0.310000	0.380877	0.000000
0.310000	0.342048	0.000000
0.310000	0.323416	0.000000
0.310000	0.315130	0.000000
0.310000	0.311766	0.000000
0.310000	0.310539	0.000000
0.310000	0.310143	0.000000
0.310000	0.310032	0.000000
0.310000	0.310006	0.000000
0.310000	0.310001	0.000000
0.310000	0.310000	0.000000
0.310000	0.310000	0.000000
0.310000	0.310000	0.000000
0.310000	0.310000	0.000000
0.310000	0.310000	0.000000
0.310000	0.310000	0.000000
0.310000	0.310000	0.000000
0.310000	0.310000	0.000000
0.310000	0.310000	0.000000
0.310000	0.310000	0.000000
0.310000	0.310000	0.000000
0.310000	0.310000	0.000000
0.310000	0.310000	0.000000
0.310000	0.310000	0.000000
0.310000	0.310000	0.000000
0.310000	0.310000	0.000000
0.310000	0.310000	0.000000
0.310000	0.310000	0.000000
0.310000	0.310000	0.000000
0.310000	0.310000	0.000000
0.310000	0.310000	0.000000
0.320000	0.697967	0.163110
0.320000	0.658408	0.000000
0.320000	0.472559	0.000000
0.320000	0.392868	0.000000
0.320000	0.352952	0.000000
0.320000	0.333793	0.000000
0.320000	0.325272	0.000000
0.320000	0.321815	0.000000
0.320000	0.320553	0.000000
0.320000	0.320146	0.000000
0.320000	0.320033	0.000000
0.320000	0.320006	0.000000
0.320000	0.320001	0.000000
0.320000	0.320000	0.000000
0.320000	0.320000	0.000000
0.320000	0.320000	0.000000
0.320000	0.320000	0.000000
0.320000	0.320000	0.000000
0.320000	0.320000	0.000000
0.320000	0.320000	0.000000
0.320000	0.320000	0.000000
0.320000	0.320000	0.000000
0.320000	0.320000	0.000000
0.320000	0.320000	0.000000
0.320000	0.320000	0.000000
0.320000	0.320000	0.000000
0.320000	0.320000	0.000000
0.320000	0.320000	0.000000
0.320000	0.320000	0.000000
0.320000	0.320000	0.000000
0.320000	0.320000	0.000000
0.320000	0.320000	0.000000
0.320000	0.320000	0.000000
0.320000	0.320000	0.000000
0.330000	0.720193	0.153218
0.330000	0.680006	0.000000
0.330000	0.486600	0.000000
0.330000	0.404841	0.000000
0.330000	0.363849	0.000000
0.330000	0.344167	0.000000
0.330000	0.335413	0.000000
0.330000	0.331862	0.000000
0.330000	0.330567	0.000000
0.330000	0.330150	0.000000
0.330000	0.330034	0.000000
0.330000	0.330006	0.000000
0.330000	0.330001	0.000000
0.330000	0.330000	0.000000
0.330000	0.330000	0.000000
0.330000	0.330000	0.000000
0.330000	0.330000	0.000000
0.330000	0.330000	0.000000
0.330000	0.330000	0.000000
0.330000	0.330000	0.000000
0.330000	0.330000	0.000000
0.330000	0.330000	0.000000
0.330000	0.330000	0.000000
0.330000	0.330000	0.000000
0.330000	0.330000	0.000000
0.330000	0.330000	0.000000
0.330000	0.330000	0.000000
0.330000	0.330000	0.000000
0.330000	0.330000	0.000000
0.330000	0.330000	0.000000
0.330000	0.330000	0.000000
0.330000	0.330000	0.000000
0.330000	0.330000	0.000000
0.330000	0.330000	0.000000
0.340000	0.741990	0.142484
0.340000	0.701973	0.000000
0.340000	0.500589	0.000000
0.340000	0.416798	0.000000
0.340000	0.374739	0.000000
0.340000	0.354538	0.000000
0.340000	0.345553	0.000000
0.340000	0.341910	0.000000
0.340000	0.340582	0.000000
0.340000	0.340154	0.000000
0.340000	0.340034	0.000000
0.340000	0.340006	0.000000
0.340000	0.340001	0.000000
0.340000	0.340000	0.000000
0.340000	0.340000	0.000000
0.340000	0.340000	0.000000
0.340000	0.340000	0.000000
0.340000	0.340000	0.000000
0.340000	0.340000	0.000000
0.340000	0.340000	0.000000
0.340000	0.340000	0.000000
0.340000	0.340000	0.000000
0.340000	0.340000	0.000000
0.340000	0.340000	0.000000
0.340000	0.340000	0.000000
0.340000	0.340000	0.000000
0.340000	0.340000	0.000000
0.340000	0.340000	0.000000
0.340000	0.340000	0.000000
0.340000	0.340000	0.000000
0.340000	0.340000	0.000000
0.340000	0.340000	0.000000
0.340000	0.340000	0.000000
0.340000	0.340000	0.000000
0.350000	0.763302	0.130668
0.350000	0.724511	0.000000
0.350000	0.514527	0.000000
0.350000	0.428739	0.000000
0.350000	0.385622	0.000000
0.350000	0.364905	0.000000
0.350000	0.355692	0.000000
0.350000	0.351957	0.000000
0.350000	0.350596	0.000000
0.350000	0.350157	0.000000
0.350000	0.350035	0.000000
0.350000	0.350006	0.000000
0.350000	0.350001	0.000000
0.350000	0.350000	0.000000
0.350000	0.350000	0.000000
0.350000	0.350000	0.000000
0.350000	0.350000	0.000000
0.350000	0.350000	0.000000
0.350000	0.350000	0.000000
0.350000	0.350000	0.000000
0.350000	0.350000	0.000000
0.350000	0.350000	0.000000
0.350000	0.350000	0.000000
0.350000	0.350000	0.000000
0.350000	0.350000	0.000000
0.350000	0.350000	0.000000
0.350000	0.350000	0.000000
0.350000	0.350000	0.000000
0.350000	0.350000	0.000000
0.350000	0.350000	0.000000
0.350000	0.350000	0.000000
0.350000	0.350000	0.000000
0.350000	0.350000	0.000000
0.350000	0.350000	0.000000
0.360000	0.783968	0.117379
0.360000	0.748017	0.000000
0.360000	0.528412	0.000000
0.360000	0.440663	0.000000
0.360000	0.396499	0.000000
0.360000	0.375270	0.000000
0.360000	0.365830	0.000000
0.360000	0.362003	0.000000
0.360000	0.360609	0.000000
0.360000	0.360161	0.000000
0.360000	0.360036	0.000000
0.360000	0.360007	0.000000
0.360000	0.360001	0.000000
0.360000	0.360000	0.000000
0.360000	0.360000	0.000000
0.360000	0.360000	0.000000
0.360000	0.360000	0.000000
0.360000	0.360000	0.000000
0.360000	0.360000	0.000000
0.360000	0.360000	0.000000
0.360000	0.360000	0.000000
0.360000	0.360000	0.000000
0.360000	0.360000	0.000000
0.360000	0.360000	0.000000
0.360000	0.360000	0.000000
0.360000	0.360000	0.000000
0.360000	0.360000	0.000000
0.360000	0.360000	0.000000
0.360000	0.360000	0.000000
0.360000	0.360000	0.000000
0.360000	0.360000	0.000000
0.360000	0.360000	0.000000
0.360000	0.360000	0.000000
0.360000	0.360000	0.000000
0.370000	0.803554	0.101930
0.370000	0.773428	0.000000
0.370000	0.542246	0.000000
0.370000	0.452571	0.000000
0.370000	0.407368	0.000000
0.370000	0.385633	0.000000
0.370000	0.375967	0.000000
0.370000	0.372049	0.000000
0.370000	0.370623	0.000000
0.370000	0.370164	0.000000
0.370000	0.370037	0.000000
0.370000	0.370007	0.000000
0.370000	0.370001	0.000000
0.370000	0.370000	0.000000
0.370000	0.370000	0.000000
0.370000	0.370000	0.000000
0.370000	0.370000	0.000000
0.370000	0.370000	0.000000
0.370000	0.370000	0.000000
0.370000	0.370000	0.000000
0.370000	0.370000	0.000000
0.370000	0.370000	0.000000
0.370000	0.370000	0.000000
0.370000	0.370000	0.000000
0.370000	0.370000	0.000000
0.370000	0.370000	0.000000
0.370000	0.370000	0.000000
0.370000	0.370000	0.000000
0.370000	0.370000	0.000000
0.370000	0.370000	0.000000
0.370000	0.370000	0.000000
0.370000	0.370000	0.000000
0.370000	0.370000	0.000000
0.370000	0.370000	0.000000
0.380000	0.820584	0.082962
0.380000	0.803744	0.000000
0.380000	0.556028	0.000000
0.380000	0.464464	0.000000
0.380000	0.418232	0.000000
0.380000	0.395992	0.000000
0.380000	0.386102	0.000000
0.380000	0.382095	0.000000
0.380000	0.380637	0.000000
0.380000	0.380168	0.000000
0.380000	0.380037	0.000000
0.380000	0.380007	0.000000
0.380000	0.380001	0.000000
0.380000	0.380000	0.000000
0.380000	0.380000	0.000000
0.380000	0.380000	0.000000
0.380000	0.380000	0.000000
0.380000	0.380000	0.000000
0.380000	0.380000	0.000000
0.380000	0.380000	0.000000
0.380000	0.380000	0.000000
0.380000	0.380000	0.000000
0.380000	0.380000	0.000000
0.380000	0.380000	0.000000
0.380000	0.380000	0.000000
0.380000	0.380000	0.000000
0.380000	0.380000	0.000000
0.380000	0.380000	0.000000
0.380000	0.380000	0.000000
0.380000	0.380000	0.000000
0.380000	0.380000	0.000000
0.380000	0.380000	0.000000
0.380000	0.380000	0.000000
0.380000	0.380000	0.000000
0.390000	0.827687	0.060593
0.390000	0.853752	0.000000
0.390000	0.569758	0.000000
0.390000	0.476340	0.000000
0.390000	0.429089	0.000000
0.390000	0.406349	0.000000
0.390000	0.396237	0.000000
0.390000	0.392140	0.000000
0.390000	0.390650	0.000000
0.390000	0.390171	0.000000
0.390000	0.390038	0.000000
0.390000	0.390007	0.000000
0.390000	0.390001	0.000000
0.390000	0.390000	0.000000
0.390000	0.390000	0.000000
0.390000	0.390000	0.000000
0.390000	0.390000	0.000000
0.390000	0.390000	0.000000
0.390000	0.390000	0.000000
0.390000	0.390000	0.000000
0.390000	0.390000	0.000000
0.390000	0.390000	0.000000
0.390000	0.390000	0.000000
0.390000	0.390000	0.000000
0.390000	0.390000	0.000000
0.390000	0.390000	0.000000
0.390000	0.390000	0.000000
0.390000	0.390000	0.000000
0.390000	0.390000	0.000000
0.390000	0.390000	0.000000
0.390000	0.390000	0.000000
0.390000	0.390000	0.000000
0.390000	0.390000	0.000000
0.390000	0.390000	0.000000
0.400000	0.827827	0.052322
0.400000	0.917558	0.000000
0.400000	0.583437	0.000000
0.400000	0.488201	0.000000
0.400000	0.439940	0.000000
0.400000	0.416703	0.000000
0.400000	0.406370	0.000000
0.400000	0.402185	0.000000
0.400000	0.400663	0.000000
0.400000	0.400175	0.000000
0.400000	0.400039	0.000000
0.400000	0.400007	0.000000
0.400000	0.400001	0.000000
0.400000	0.400000	0.000000
0.400000	0.400000	0.000000
0.400000	0.400000	0.000000
0.400000	0.400000	0.000000
0.400000	0.400000	0.000000
0.400000	0.400000	0.000000
0.400000	0.400000	0.000000
0.400000	0.400000	0.000000
0.400000	0.400000	0.000000
0.400000	0.400000	0.000000
0.400000	0.400000	0.000000
0.400000	0.400000	0.000000
0.400000	0.400000	0.000000
0.400000	0.400000	0.000000
0.400000	0.400000	0.000000
0.400000	0.400000	0.000000
0.400000	0.400000	0.000000
0.400000	0.400000	0.000000
0.400000	0.400000	0.000000
0.400000	0.400000	0.000000
0.400000	0.400000	0.000000
0.410000	0.835178	0.048876
0.410000	0.966846	0.000000
0.410000	0.597066	0.000000
0.410000	0.500047	0.000000
0.410000	0.450784	0.000000
0.410000	0.427054	0.000000
0.410000	0.416502	0.000000
0.410000	0.412230	0.000000
0.410000	0.410677	0.000000
0.410000	0.410178	0.000000
0.410000	0.410040	0.000000
0.410000	0.410007	0.000000
0.410000	0.410001	0.000000
0.410000	0.410000	0.000000
0.410000	0.410000	0.000000
0.410000	0.410000	0.000000
0.410000	0.410000	0.000000
0.410000	0.410000	0.000000
0.410000	0.410000	0.000000
0.410000	0.410000	0.000000
0.410000	0.410000	0.000000
0.410000	0.410000	0.000000
0.410000	0.410000	0.000000
0.410000	0.410000	0.000000
0.410000	0.410000	0.000000
0.410000	0.410000	0.000000
0.410000	0.410000	0.000000
0.410000	0.410000	0.000000
0.410000	0.410000	0.000000
0.410000	0.410000	0.000000
0.410000	0.410000	0.000000
0.410000	0.410000	0.000000
0.410000	0.410000	0.000000
0.410000	0.410000	0.000000
0.420000	0.845776	0.045306
0.420000	0.610645	0.000000
0.420000	0.511878	0.000000
0.420000	0.461622	0.000000
0.420000	0.437403	0.000000
0.420000	0.426633	0.000000
0.420000	0.422274	0.000000
0.420000	0.420690	0.000000
0.420000	0.420181	0.000000
0.420000	0.420040	0.000000
0.420000	0.420007	0.000000
0.420000	0.420001	0.000000
0.420000	0.420000	0.000000
0.420000	0.420000	0.000000
0.420000	0.420000	0.000000
0.420000	0.420000	0.000000
0.420000	0.420000	0.000000
0.420000	0.420000	0.000000
0.420000	0.420000	0.000000
0.420000	0.420000	0.000000
0.420000	0.420000	0.000000
0.420000	0.420000	0.000000
0.420000	0.420000	0.000000
0.420000	0.420000	0.000000
0.420000	0.420000	0.000000
0.420000	0.420000	0.000000
0.420000	0.420000	0.000000
0.420000	0.420000	0.000000
0.420000	0.420000	0.000000
0.420000	0.420000	0.000000
0.420000	0.420000	0.000000
0.420000	0.420000	0.000000
0.420000	0.420000	0.000000
0.430000	0.858048	0.041117
0.430000	0.624175	0.000000
0.430000	0.523694	0.000000
0.430000	0.472455	0.000000
0.430000	0.447749	0.000000
0.430000	0.436763	0.000000
0.430000	0.432317	0.000000
0.430000	0.430702	0.000000
0.430000	0.430185	0.000000
0.430000	0.430041	0.000000
0.430000	0.430007	0.000000
0.430000	0.430001	0.000000
0.430000	0.430000	0.000000
0.430000	0.430000	0.000000
0.430000	0.430000	0.000000
0.430000	0.430000	0.000000
0.430000	0.430000	0.000000
0.430000	0.430000	0.000000
0.430000	0.430000	0.000000
0.430000	0.430000	0.000000
0.430000	0.430000	0.000000
0.430000	0.430000	0.000000
0.430000	0.430000	0.000000
0.430000	0.430000	0.000000
0.430000	0.430000	0.000000
0.430000	0.430000	0.000000
0.430000	0.430000	0.000000
0.430000	0.430000	0.000000
0.430000	0.430000	0.000000
0.430000	0.430000	0.000000
0.430000	0.430000	0.000000
0.430000	0.430000	0.000000
0.430000	0.430000	0.000000
0.440000	0.871355	0.036069
0.440000	0.637656	0.000000
0.440000	0.535495	0.000000
0.440000	0.483281	0.000000
0.440000	0.458093	0.000000
0.440000	0.446893	0.000000
0.440000	0.442361	0.000000
0.440000	0.440715	0.000000
0.440000	0.440188	0.000000
0.440000	0.440042	0.000000
0.440000	0.440008	0.000000
0.440000	0.440001	0.000000
0.440000	0.440000	0.000000
0.440000	0.440000	0.000000
0.440000	0.440000	0.000000
0.440000	0.440000	0.000000
0.440000	0.440000	0.000000
0.440000	0.440000	0.000000
0.440000	0.440000	0.000000
0.440000	0.440000	0.000000
0.440000	0.440000	0.000000
0.440000	0.440000	0.000000
0.440000	0.440000	0.000000
0.440000	0.440000	0.000000
0.440000	0.440000	0.000000
0.440000	0.440000	0.000000
0.440000	0.440000	0.000000
0.440000	0.440000	0.000000
0.440000	0.440000	0.000000
0.440000	0.440000	0.000000
0.440000	0.440000	0.000000
0.440000	0.440000	0.000000
0.440000	0.440000	0.000000
0.450000	0.885372	0.029769
0.450000	0.651091	0.000000
0.450000	0.547282	0.000000
0.450000	0.494101	0.000000
0.450000	0.468434	0.000000
0.450000	0.457021	0.000000
0.450000	0.452404	0.000000
0.450000	0.450728	0.000000
0.450000	0.450191	0.000000
0.450000	0.450042	0.000000
0.450000	0.450008	0.000000
0.450000	0.450001	0.000000
0.450000	0.450000	0.000000
0.450000	0.450000	0.000000
0.450000	0.450000	0.000000
0.450000	0.450000	0.000000
0.450000	0.450000	0.000000
0.450000	0.450000	0.000000
0.450000	0.450000	0.000000
0.450000	0.450000	0.000000
0.450000	0.450000	0.000000
0.450000	0.450000	0.000000
0.450000	0.450000	0.000000
0.450000	0.450000	0.000000
0.450000	0.450000	0.000000
0.450000	0.450000	0.000000
0.450000	0.450000	0.000000
0.450000	0.450000	0.000000
0.450000	0.450000	0.000000
0.450000	0.450000	0.000000
0.450000	0.450000	0.000000
0.450000	0.450000	0.000000
0.450000	0.450000	0.000000
0.460000	0.899910	0.021183
0.460000	0.664479	0.000000
0.460000	0.559055	0.000000
0.460000	0.504916	0.000000
0.460000	0.478773	0.000000
0.460000	0.467148	0.000000
0.460000	0.462446	0.000000
0.460000	0.460740	0.000000
0.460000	0.460194	0.000000
0.460000	0.460043	0.000000
0.460000	0.460008	0.000000
0.460000	0.460001	0.000000
0.460000	0.460000	0.000000
0.460000	0.460000	0.000000
0.460000	0.460000	0.000000
0.460000	0.460000	0.000000
0.460000	0.460000	0.000000
0.460000	0.460000	0.000000
0.460000	0.460000	0.000000
0.460000	0.460000	0.000000
0.460000	0.460000	0.000000
0.460000	0.460000	0.000000
0.460000	0.460000	0.000000
0.460000	0.460000	0.000000
0.460000	0.460000	0.000000
0.460000	0.460000	0.000000
0.460000	0.460000	0.000000
0.460000	0.460000	0.000000
0.460000	0.460000	0.000000
0.460000	0.460000	0.000000
0.460000	0.460000	0.000000
0.460000	0.460000	0.000000
0.460000	0.460000	0.000000
0.470000	0.917910	0.000000
0.470000	0.911791	0.000000
0.470000	0.677822	0.000000
0.470000	0.570814	0.000000
0.470000	0.515725	0.000000
0.470000	0.489110	0.000000
0.470000	0.477274	0.000000
0.470000	0.472489	0.000000
0.470000	0.470753	0.000000
0.470000	0.470197	0.000000
0.470000	0.470044	0.000000
0.470000	0.470008	0.000000
0.470000	0.470001	0.000000
0.470000	0.470000	0.000000
0.470000	0.470000	0.000000
0.470000	0.470000	0.000000
0.470000	0.470000	0.000000
0.470000	0.470000	0.000000
0.470000	0.470000	0.000000
0.470000	0.470000	0.000000
0.470000	0.470000	0.000000
0.470000	0.470000	0.000000
0.470000	0.470000	0.000000
0.470000	0.470000	0.000000
0.470000	0.470000	0.000000
0.470000	0.470000	0.000000
0.470000	0.470000	0.000000
0.470000	0.470000	0.000000
0.470000	0.470000	0.000000
0.470000	0.470000	0.000000
0.470000	0.470000	0.000000
0.470000	0.470000	0.000000
0.470000	0.470000	0.000000
0.470000	0.470000	0.000000
