0.001000	0.985110	0.000000
0.001000	0.883048	0.000000
0.001000	0.791768	0.000000
0.001000	0.709919	0.000000
0.001000	0.636363	0.000000
0.001000	0.570135	0.000000
0.001000	0.510415	0.000000
0.001000	0.456499	0.000000
0.001000	0.407780	0.000000
0.001000	0.363734	0.000000
0.001000	0.323903	0.000000
0.001000	0.287885	0.000000
0.001000	0.255328	0.000000
0.001000	0.225917	0.000000
0.001000	0.199374	0.000000
0.001000	0.175449	0.000000
0.001000	0.153918	0.000000
0.001000	0.134576	0.000000
0.001000	0.117239	0.000000
0.001000	0.101738	0.000000
0.001000	0.087918	0.000000
0.001000	0.075635	0.000000
0.001000	0.064757	0.000000
0.001000	0.055162	0.000000
0.001000	0.046735	0.000000
0.001000	0.039369	0.000000
0.001000	0.032965	0.000000
0.001000	0.027429	0.000000
0.001000	0.022675	0.000000
0.001000	0.018619	0.000000
0.001000	0.015185	0.000000
0.001000	0.012302	0.000000
0.001000	0.932110	0.000000
0.001000	0.835650	0.000000
0.001000	0.749272	0.000000
0.001000	0.671733	0.000000
0.001000	0.601987	0.000000
0.001000	0.539143	0.000000
0.001000	0.482440	0.000000
0.001000	0.431225	0.000000
0.001000	0.384935	0.000000
0.001000	0.343079	0.000000
0.001000	0.305228	0.000000
0.001000	0.271006	0.000000
0.001000	0.240081	0.000000
0.001000	0.212157	0.000000
0.001000	0.186971	0.000000
0.001000	0.164286	0.000000
0.001000	0.143889	0.000000
0.001000	0.125585	0.000000
0.001000	0.109198	0.000000
0.001000	0.094566	0.000000
0.001000	0.081540	0.000000
0.001000	0.069984	0.000000
0.001000	0.059769	0.000000
0.001000	0.050778	0.000000
0.001000	0.042899	0.000000
0.001000	0.036031	0.000000
0.001000	0.030076	0.000000
0.001000	0.024945	0.000000
0.001000	0.020552	0.000000
0.001000	0.016819	0.000000
0.001000	0.013672	0.000000
0.001000	0.011041	0.000000
0.010000	0.013131	0.009513
0.010000	0.013180	0.009172
0.010000	0.900460	0.000000
0.010000	0.771767	0.000000
0.010000	0.658478	0.000000
0.010000	0.559155	0.000000
0.010000	0.472436	0.000000
0.010000	0.397049	0.000000
0.010000	0.331819	0.000000
0.010000	0.275662	0.000000
0.010000	0.227590	0.000000
0.010000	0.186697	0.000000
0.010000	0.152152	0.000000
0.010000	0.123198	0.000000
0.010000	0.099137	0.000000
0.010000	0.079332	0.000000
0.010000	0.063198	0.000000
0.010000	0.050203	0.000000
0.010000	0.039862	0.000000
0.010000	0.031742	0.000000
0.010000	0.025460	0.000000
0.010000	0.020698	0.000000
0.010000	0.017198	0.000000
0.010000	0.014719	0.000000
0.010000	0.013016	0.000000
0.010000	0.011872	0.000000
0.010000	0.011121	0.000000
0.010000	0.010644	0.000000
0.010000	0.010352	0.000000
0.010000	0.010181	0.000000
0.010000	0.010087	0.000000
0.010000	0.010038	0.000000
0.010000	0.010015	0.000000
0.010000	0.010005	0.000000
0.010000	0.970957	0.000000
0.010000	0.833974	0.000000
0.010000	0.713145	0.000000
0.010000	0.606999	0.000000
0.010000	0.514137	0.000000
0.010000	0.433240	0.000000
0.010000	0.363082	0.000000
0.010000	0.302532	0.000000
0.010000	0.250553	0.000000
0.010000	0.206196	0.000000
0.010000	0.168592	0.000000
0.010000	0.136949	0.000000
0.010000	0.110538	0.000000
0.010000	0.088693	0.000000
0.010000	0.070802	0.000000
0.010000	0.056309	0.000000
0.010000	0.044705	0.000000
0.010000	0.035531	0.000000
0.010000	0.028379	0.000000
0.010000	0.022900	0.000000
0.010000	0.018808	0.000000
0.010000	0.015857	0.000000
0.010000	0.013798	0.000000
0.010000	0.012397	0.000000
0.010000	0.011465	0.000000
0.010000	0.010861	0.000000
0.010000	0.010484	0.000000
0.010000	0.010258	0.000000
0.010000	0.010129	0.000000
0.010000	0.010060	0.000000
0.010000	0.010025	0.000000
0.010000	0.010009	0.000000
0.010000	0.010003	0.000000
0.010000	0.010001	0.000000
0.020000	0.026299	0.019076
0.020000	0.026391	0.018390
0.020000	0.966640	0.000000
0.020000	0.809767	0.000000
0.020000	0.674475	0.000000
0.020000	0.558541	0.000000
0.020000	0.459817	0.000000
0.020000	0.376274	0.000000
0.020000	0.306040	0.000000
0.020000	0.247410	0.000000
0.020000	0.198850	0.000000
0.020000	0.158982	0.000000
0.020000	0.126567	0.000000
0.020000	0.100494	0.000000
0.020000	0.079768	0.000000
0.020000	0.063503	0.000000
0.020000	0.050926	0.000000
0.020000	0.041396	0.000000
0.020000	0.034394	0.000000
0.020000	0.029438	0.000000
0.020000	0.026032	0.000000
0.020000	0.023744	0.000000
0.020000	0.022242	0.000000
0.020000	0.021287	0.000000
0.020000	0.020703	0.000000
0.020000	0.020362	0.000000
0.020000	0.020174	0.000000
0.020000	0.020076	0.000000
0.020000	0.020030	0.000000
0.020000	0.020010	0.000000
0.020000	0.885293	0.000000
0.020000	0.739465	0.000000
0.020000	0.614104	0.000000
0.020000	0.507024	0.000000
0.020000	0.416133	0.000000
0.020000	0.339474	0.000000
0.020000	0.275257	0.000000
0.020000	0.221860	0.000000
0.020000	0.177825	0.000000
0.020000	0.141844	0.000000
0.020000	0.112745	0.000000
0.020000	0.089474	0.000000
0.020000	0.071092	0.000000
0.020000	0.056770	0.000000
0.020000	0.045803	0.000000
0.020000	0.037615	0.000000
0.020000	0.031712	0.000000
0.020000	0.027596	0.000000
0.020000	0.024794	0.000000
0.020000	0.022929	0.000000
0.020000	0.021722	0.000000
0.020000	0.020967	0.000000
0.020000	0.020515	0.000000
0.020000	0.020258	0.000000
0.020000	0.020120	0.000000
0.020000	0.020051	0.000000
0.020000	0.020019	0.000000
0.020000	0.020006	0.000000
0.020000	0.020002	0.000000
0.030000	0.039541	0.028738
0.030000	0.039665	0.027703
0.030000	0.851502	0.000000
0.030000	0.699224	0.000000
0.030000	0.570676	0.000000
0.030000	0.463003	0.000000
0.030000	0.373496	0.000000
0.030000	0.299659	0.000000
0.030000	0.239249	0.000000
0.030000	0.190271	0.000000
0.030000	0.150960	0.000000
0.030000	0.119760	0.000000
0.030000	0.095302	0.000000
0.030000	0.076405	0.000000
0.030000	0.062096	0.000000
0.030000	0.051588	0.000000
0.030000	0.044153	0.000000
0.030000	0.039047	0.000000
0.030000	0.035615	0.000000
0.030000	0.033363	0.000000
0.030000	0.031931	0.000000
0.030000	0.031055	0.000000
0.030000	0.030543	0.000000
0.030000	0.030261	0.000000
0.030000	0.030115	0.000000
0.030000	0.030045	0.000000
0.030000	0.030015	0.000000
0.030000	0.937404	0.000000
0.030000	0.772140	0.000000
0.030000	0.632064	0.000000
0.030000	0.514287	0.000000
0.030000	0.416017	0.000000
0.030000	0.334645	0.000000
0.030000	0.267798	0.000000
0.030000	0.213352	0.000000
0.030000	0.169429	0.000000
0.030000	0.134370	0.000000
0.030000	0.106713	0.000000
0.030000	0.085186	0.000000
0.030000	0.068712	0.000000
0.030000	0.056421	0.000000
0.030000	0.047565	0.000000
0.030000	0.041391	0.000000
0.030000	0.037190	0.000000
0.030000	0.034393	0.000000
0.030000	0.032582	0.000000
0.030000	0.031451	0.000000
0.030000	0.030773	0.000000
0.030000	0.030387	0.000000
0.030000	0.030179	0.000000
0.030000	0.030076	0.000000
0.030000	0.030028	0.000000
0.030000	0.030009	0.000000
0.030000	0.030003	0.000000
0.040000	0.052902	0.038550
0.040000	0.053038	0.037158
0.040000	0.945684	0.000000
0.040000	0.770427	0.000000
0.040000	0.623717	0.000000
0.040000	0.502030	0.000000
0.040000	0.401971	0.000000
0.040000	0.320392	0.000000
0.040000	0.254462	0.000000
0.040000	0.201684	0.000000
0.040000	0.159880	0.000000
0.040000	0.127158	0.000000
0.040000	0.101904	0.000000
0.040000	0.082796	0.000000
0.040000	0.068778	0.000000
0.040000	0.058866	0.000000
0.040000	0.052059	0.000000
0.040000	0.047484	0.000000
0.040000	0.044483	0.000000
0.040000	0.042574	0.000000
0.040000	0.041406	0.000000
0.040000	0.040724	0.000000
0.040000	0.040348	0.000000
0.040000	0.040153	0.000000
0.040000	0.040060	0.000000
0.040000	0.040020	0.000000
0.040000	0.854215	0.000000
0.040000	0.693648	0.000000
0.040000	0.559862	0.000000
0.040000	0.449387	0.000000
0.040000	0.358942	0.000000
0.040000	0.285527	0.000000
0.040000	0.226477	0.000000
0.040000	0.179453	0.000000
0.040000	0.142423	0.000000
0.040000	0.113637	0.000000
0.040000	0.091629	0.000000
0.040000	0.075224	0.000000
0.040000	0.063413	0.000000
0.040000	0.055184	0.000000
0.040000	0.049584	0.000000
0.040000	0.045856	0.000000
0.040000	0.043442	0.000000
0.040000	0.041934	0.000000
0.040000	0.041030	0.000000
0.040000	0.040515	0.000000
0.040000	0.040239	0.000000
0.040000	0.040101	0.000000
0.040000	0.040038	0.000000
0.040000	0.040012	0.000000
0.040000	0.040003	0.000000
0.050000	0.066428	0.048565
0.050000	0.066551	0.046807
0.050000	0.974949	0.000000
0.050000	0.788179	0.000000
0.050000	0.633249	0.000000
0.050000	0.506050	0.000000
0.050000	0.402615	0.000000
0.050000	0.319273	0.000000
0.050000	0.252744	0.000000
0.050000	0.200170	0.000000
0.050000	0.159091	0.000000
0.050000	0.127428	0.000000
0.050000	0.103499	0.000000
0.050000	0.085962	0.000000
0.050000	0.073574	0.000000
0.050000	0.065069	0.000000
0.050000	0.059353	0.000000
0.050000	0.055602	0.000000
0.050000	0.053216	0.000000
0.050000	0.051757	0.000000
0.050000	0.050905	0.000000
0.050000	0.050434	0.000000
0.050000	0.050191	0.000000
0.050000	0.050075	0.000000
0.050000	0.050025	0.000000
0.050000	0.877285	0.000000
0.050000	0.706925	0.000000
0.050000	0.566345	0.000000
0.050000	0.451494	0.000000
0.050000	0.358538	0.000000
0.050000	0.283991	0.000000
0.050000	0.224782	0.000000
0.050000	0.178252	0.000000
0.050000	0.142136	0.000000
0.050000	0.114558	0.000000
0.050000	0.094024	0.000000
0.050000	0.079256	0.000000
0.050000	0.068973	0.000000
0.050000	0.061975	0.000000
0.050000	0.057318	0.000000
0.050000	0.054302	0.000000
0.050000	0.052416	0.000000
0.050000	0.051287	0.000000
0.050000	0.050644	0.000000
0.050000	0.050299	0.000000
0.050000	0.050126	0.000000
0.050000	0.050047	0.000000
0.050000	0.050015	0.000000
0.050000	0.050004	0.000000
0.060000	0.080178	0.058838
0.060000	0.080250	0.056704
0.060000	0.955951	0.000000
0.060000	0.767088	0.000000
0.060000	0.612002	0.000000
0.060000	0.486057	0.000000
0.060000	0.384814	0.000000
0.060000	0.304211	0.000000
0.060000	0.240670	0.000000
0.060000	0.191119	0.000000
0.060000	0.152986	0.000000
0.060000	0.124205	0.000000
0.060000	0.103141	0.000000
0.060000	0.088276	0.000000
0.060000	0.078075	0.000000
0.060000	0.071219	0.000000
0.060000	0.066720	0.000000
0.060000	0.063859	0.000000
0.060000	0.062108	0.000000
0.060000	0.061086	0.000000
0.060000	0.060521	0.000000
0.060000	0.060229	0.000000
0.060000	0.060090	0.000000
0.060000	0.060029	0.000000
0.060000	0.856967	0.000000
0.060000	0.685550	0.000000
0.060000	0.545582	0.000000
0.060000	0.432509	0.000000
0.060000	0.342062	0.000000
0.060000	0.270411	0.000000
0.060000	0.214228	0.000000
0.060000	0.170695	0.000000
0.060000	0.137502	0.000000
0.060000	0.112820	0.000000
0.060000	0.095092	0.000000
0.060000	0.082756	0.000000
0.060000	0.074364	0.000000
0.060000	0.068778	0.000000
0.060000	0.065160	0.000000
0.060000	0.062899	0.000000
0.060000	0.061544	0.000000
0.060000	0.060773	0.000000
0.060000	0.060359	0.000000
0.060000	0.060152	0.000000
0.060000	0.060057	0.000000
0.060000	0.060018	0.000000
0.060000	0.060005	0.000000
0.070000	0.094224	0.069423
0.070000	0.094196	0.066904
0.070000	0.903292	0.000000
0.070000	0.719798	0.000000
0.070000	0.570788	0.000000
0.070000	0.451171	0.000000
0.070000	0.356149	0.000000
0.070000	0.281418	0.000000
0.070000	0.223262	0.000000
0.070000	0.178582	0.000000
0.070000	0.144913	0.000000
0.070000	0.120311	0.000000
0.070000	0.102971	0.000000
0.070000	0.091077	0.000000
0.070000	0.083083	0.000000
0.070000	0.077838	0.000000
0.070000	0.074500	0.000000
0.070000	0.072458	0.000000
0.070000	0.071266	0.000000
0.070000	0.070608	0.000000
0.070000	0.070267	0.000000
0.070000	0.070105	0.000000
0.070000	0.070034	0.000000
0.070000	0.806870	0.000000
0.070000	0.641237	0.000000
0.070000	0.507524	0.000000
0.070000	0.400766	0.000000
0.070000	0.316390	0.000000
0.070000	0.250379	0.000000
0.070000	0.199328	0.000000
0.070000	0.160463	0.000000
0.070000	0.131611	0.000000
0.070000	0.110920	0.000000
0.070000	0.096534	0.000000
0.070000	0.086750	0.000000
0.070000	0.080236	0.000000
0.070000	0.076018	0.000000
0.070000	0.073381	0.000000
0.070000	0.071801	0.000000
0.070000	0.070901	0.000000
0.070000	0.070418	0.000000
0.070000	0.070177	0.000000
0.070000	0.070066	0.000000
0.070000	0.070020	0.000000
0.070000	0.070006	0.000000
0.080000	0.108652	0.080377
0.080000	0.108461	0.077468
0.080000	0.829313	0.000000
0.080000	0.656815	0.000000
0.080000	0.518397	0.000000
0.080000	0.408612	0.000000
0.080000	0.322451	0.000000
0.080000	0.255539	0.000000
0.080000	0.204226	0.000000
0.080000	0.165625	0.000000
0.080000	0.137472	0.000000
0.080000	0.117658	0.000000
0.080000	0.104074	0.000000
0.080000	0.094945	0.000000
0.080000	0.088954	0.000000
0.080000	0.085141	0.000000
0.080000	0.082809	0.000000
0.080000	0.081447	0.000000
0.080000	0.080694	0.000000
0.080000	0.080305	0.000000
0.080000	0.080120	0.000000
0.080000	0.080039	0.000000
0.080000	0.930078	0.000000
0.080000	0.738405	0.000000
0.080000	0.583619	0.000000
0.080000	0.460158	0.000000
0.080000	0.362766	0.000000
0.080000	0.286733	0.000000
0.080000	0.228045	0.000000
0.080000	0.183445	0.000000
0.080000	0.150397	0.000000
0.080000	0.126738	0.000000
0.080000	0.110306	0.000000
0.080000	0.099132	0.000000
0.080000	0.091693	0.000000
0.080000	0.086875	0.000000
0.080000	0.083862	0.000000
0.080000	0.082057	0.000000
0.080000	0.081030	0.000000
0.080000	0.080478	0.000000
0.080000	0.080202	0.000000
0.080000	0.080076	0.000000
0.080000	0.080023	0.000000
0.080000	0.080007	0.000000
0.090000	0.123576	0.091749
0.090000	0.123139	0.088456
0.090000	0.940368	0.000000
0.090000	0.744093	0.000000
0.090000	0.586521	0.000000
0.090000	0.461644	0.000000
0.090000	0.363804	0.000000
0.090000	0.287970	0.000000
0.090000	0.229923	0.000000
0.090000	0.186341	0.000000
0.090000	0.154623	0.000000
0.090000	0.132336	0.000000
0.090000	0.117066	0.000000
0.090000	0.106804	0.000000
0.090000	0.100068	0.000000
0.090000	0.095782	0.000000
0.090000	0.093159	0.000000
0.090000	0.091627	0.000000
0.090000	0.090781	0.000000
0.090000	0.090344	0.000000
0.090000	0.090135	0.000000
0.090000	0.090044	0.000000
0.090000	0.836979	0.000000
0.090000	0.660791	0.000000
0.090000	0.520279	0.000000
0.090000	0.409578	0.000000
0.090000	0.323318	0.000000
0.090000	0.256861	0.000000
0.090000	0.206451	0.000000
0.090000	0.169176	0.000000
0.090000	0.142545	0.000000
0.090000	0.124070	0.000000
0.090000	0.111509	0.000000
0.090000	0.103147	0.000000
0.090000	0.097730	0.000000
0.090000	0.094343	0.000000
0.090000	0.092314	0.000000
0.090000	0.091158	0.000000
0.090000	0.090537	0.000000
0.090000	0.090227	0.000000
0.090000	0.090085	0.000000
0.090000	0.090026	0.000000
0.090000	0.090008	0.000000
0.100000	0.139135	0.103582
0.100000	0.138351	0.099929
0.100000	0.832541	0.000000
0.100000	0.655543	0.000000
0.100000	0.515279	0.000000
0.100000	0.405510	0.000000
0.100000	0.320575	0.000000
0.100000	0.255683	0.000000
0.100000	0.207062	0.000000
0.100000	0.171762	0.000000
0.100000	0.147004	0.000000
0.100000	0.130051	0.000000
0.100000	0.118660	0.000000
0.100000	0.111181	0.000000
0.100000	0.106421	0.000000
0.100000	0.103508	0.000000
0.100000	0.101807	0.000000
0.100000	0.100868	0.000000
0.100000	0.100382	0.000000
0.100000	0.100150	0.000000
0.100000	0.100049	0.000000
0.100000	0.936822	0.000000
0.100000	0.739004	0.000000
0.100000	0.581149	0.000000
0.100000	0.456863	0.000000
0.100000	0.360159	0.000000
0.100000	0.285789	0.000000
0.100000	0.229484	0.000000
0.100000	0.187947	0.000000
0.100000	0.158340	0.000000
0.100000	0.137825	0.000000
0.100000	0.123882	0.000000
0.100000	0.114599	0.000000
0.100000	0.108584	0.000000
0.100000	0.104823	0.000000
0.100000	0.102570	0.000000
0.100000	0.101286	0.000000
0.100000	0.100597	0.000000
0.100000	0.100253	0.000000
0.100000	0.100094	0.000000
0.100000	0.100029	0.000000
0.100000	0.100009	0.000000
0.110000	0.155506	0.115894
0.110000	0.154253	0.111940
0.110000	0.922056	0.000000
0.110000	0.725440	0.000000
0.110000	0.569537	0.000000
0.110000	0.447598	0.000000
0.110000	0.353375	0.000000
0.110000	0.281513	0.000000
0.110000	0.227788	0.000000
0.110000	0.188888	0.000000
0.110000	0.161660	0.000000
0.110000	0.143030	0.000000
0.110000	0.130512	0.000000
0.110000	0.122291	0.000000
0.110000	0.117059	0.000000
0.110000	0.113857	0.000000
0.110000	0.111987	0.000000
0.110000	0.110954	0.000000
0.110000	0.110420	0.000000
0.110000	0.110164	0.000000
0.110000	0.110054	0.000000
0.110000	0.818198	0.000000
0.110000	0.642772	0.000000
0.110000	0.504647	0.000000
0.110000	0.397282	0.000000
0.110000	0.314844	0.000000
0.110000	0.252549	0.000000
0.110000	0.206710	0.000000
0.110000	0.174121	0.000000
0.110000	0.151571	0.000000
0.110000	0.136250	0.000000
0.110000	0.126047	0.000000
0.110000	0.119437	0.000000
0.110000	0.115303	0.000000
0.110000	0.112825	0.000000
0.110000	0.111414	0.000000
0.110000	0.110656	0.000000
0.110000	0.110278	0.000000
0.110000	0.110104	0.000000
0.110000	0.110032	0.000000
0.110000	0.110010	0.000000
0.120000	0.172904	0.128665
0.120000	0.171052	0.124520
0.120000	0.796173	0.000000
0.120000	0.624430	0.000000
0.120000	0.490095	0.000000
0.120000	0.386392	0.000000
0.120000	0.307423	0.000000
0.120000	0.248520	0.000000
0.120000	0.205999	0.000000
0.120000	0.176304	0.000000
0.120000	0.156002	0.000000
0.120000	0.142360	0.000000
0.120000	0.133400	0.000000
0.120000	0.127697	0.000000
0.120000	0.124206	0.000000
0.120000	0.122167	0.000000
0.120000	0.121040	0.000000
0.120000	0.120458	0.000000
0.120000	0.120179	0.000000
0.120000	0.120059	0.000000
0.120000	0.898295	0.000000
0.120000	0.705137	0.000000
0.120000	0.552953	0.000000
0.120000	0.434715	0.000000
0.120000	0.344039	0.000000
0.120000	0.275650	0.000000
0.120000	0.225464	0.000000
0.120000	0.189887	0.000000
0.120000	0.165307	0.000000
0.120000	0.148611	0.000000
0.120000	0.137493	0.000000
0.120000	0.130288	0.000000
0.120000	0.125781	0.000000
0.120000	0.123080	0.000000
0.120000	0.121542	0.000000
0.120000	0.120716	0.000000
0.120000	0.120303	0.000000
0.120000	0.120113	0.000000
0.120000	0.120035	0.000000
0.120000	0.120010	0.000000
0.130000	0.191572	0.141813
0.130000	0.189008	0.137659
0.130000	0.867686	0.000000
0.130000	0.679955	0.000000
0.130000	0.533024	0.000000
0.130000	0.419646	0.000000
0.130000	0.333422	0.000000
0.130000	0.269259	0.000000
0.130000	0.223094	0.000000
0.130000	0.190935	0.000000
0.130000	0.168966	0.000000
0.130000	0.154204	0.000000
0.130000	0.144507	0.000000
0.130000	0.138333	0.000000
0.130000	0.134553	0.000000
0.130000	0.132346	0.000000
0.130000	0.131126	0.000000
0.130000	0.130496	0.000000
0.130000	0.130194	0.000000
0.130000	0.130064	0.000000
0.130000	0.979212	0.000000
0.130000	0.768216	0.000000
0.130000	0.601794	0.000000
0.130000	0.472479	0.000000
0.130000	0.373393	0.000000
0.130000	0.298790	0.000000
0.130000	0.244208	0.000000
0.130000	0.205637	0.000000
0.130000	0.179031	0.000000
0.130000	0.160967	0.000000
0.130000	0.148935	0.000000
0.130000	0.141137	0.000000
0.130000	0.136259	0.000000
0.130000	0.133335	0.000000
0.130000	0.131669	0.000000
0.130000	0.130775	0.000000
0.130000	0.130328	0.000000
0.130000	0.130123	0.000000
0.130000	0.130038	0.000000
0.130000	0.130011	0.000000
0.140000	0.211769	0.155172
0.140000	0.208440	0.151265
0.140000	0.939917	0.000000
0.140000	0.736100	0.000000
0.140000	0.576404	0.000000
0.140000	0.453161	0.000000
0.140000	0.359521	0.000000
0.140000	0.290006	0.000000
0.140000	0.240172	0.000000
0.140000	0.205551	0.000000
0.140000	0.181922	0.000000
0.140000	0.166043	0.000000
0.140000	0.155611	0.000000
0.140000	0.148968	0.000000
0.140000	0.144901	0.000000
0.140000	0.142525	0.000000
0.140000	0.141212	0.000000
0.140000	0.140534	0.000000
0.140000	0.140209	0.000000
0.140000	0.140069	0.000000
0.140000	0.831973	0.000000
0.140000	0.651177	0.000000
0.140000	0.510600	0.000000
0.140000	0.402922	0.000000
0.140000	0.321974	0.000000
0.140000	0.262940	0.000000
0.140000	0.221369	0.000000
0.140000	0.192744	0.000000
0.140000	0.173316	0.000000
0.140000	0.160374	0.000000
0.140000	0.151985	0.000000
0.140000	0.146735	0.000000
0.140000	0.143589	0.000000
0.140000	0.141796	0.000000
0.140000	0.140834	0.000000
0.140000	0.140353	0.000000
0.140000	0.140132	0.000000
0.140000	0.140041	0.000000
0.140000	0.140012	0.000000
0.150000	0.233728	0.168479
0.150000	0.229703	0.165121
0.150000	0.792842	0.000000
0.150000	0.620248	0.000000
0.150000	0.486959	0.000000
0.150000	0.385733	0.000000
0.150000	0.310761	0.000000
0.150000	0.257231	0.000000
0.150000	0.220152	0.000000
0.150000	0.194869	0.000000
0.150000	0.177878	0.000000
0.150000	0.166713	0.000000
0.150000	0.159602	0.000000
0.150000	0.155247	0.000000
0.150000	0.152704	0.000000
0.150000	0.151298	0.000000
0.150000	0.150571	0.000000
0.150000	0.150224	0.000000
0.150000	0.150073	0.000000
0.150000	0.896361	0.000000
0.150000	0.701098	0.000000
0.150000	0.549097	0.000000
0.150000	0.432644	0.000000
0.150000	0.345208	0.000000
0.150000	0.281659	0.000000
0.150000	0.237081	0.000000
0.150000	0.206445	0.000000
0.150000	0.185658	0.000000
0.150000	0.171809	0.000000
0.150000	0.162830	0.000000
0.150000	0.157211	0.000000
0.150000	0.153843	0.000000
0.150000	0.151923	0.000000
0.150000	0.150893	0.000000
0.150000	0.150378	0.000000
0.150000	0.150141	0.000000
0.150000	0.150044	0.000000
0.150000	0.150013	0.000000
0.160000	0.257633	0.181378
0.160000	0.253129	0.178838
0.160000	0.850150	0.000000
0.160000	0.664564	0.000000
0.160000	0.521063	0.000000
0.160000	0.412071	0.000000
0.160000	0.331525	0.000000
0.160000	0.274269	0.000000
0.160000	0.234737	0.000000
0.160000	0.207806	0.000000
0.160000	0.189707	0.000000
0.160000	0.177812	0.000000
0.160000	0.170234	0.000000
0.160000	0.165593	0.000000
0.160000	0.162882	0.000000
0.160000	0.161384	0.000000
0.160000	0.160609	0.000000
0.160000	0.160239	0.000000
0.160000	0.160078	0.000000
0.160000	0.961329	0.000000
0.160000	0.751548	0.000000
0.160000	0.587990	0.000000
0.160000	0.462580	0.000000
0.160000	0.368499	0.000000
0.160000	0.300365	0.000000
0.160000	0.252774	0.000000
0.160000	0.220132	0.000000
0.160000	0.197992	0.000000
0.160000	0.183240	0.000000
0.160000	0.173673	0.000000
0.160000	0.167685	0.000000
0.160000	0.164096	0.000000
0.160000	0.162050	0.000000
0.160000	0.160952	0.000000
0.160000	0.160403	0.000000
0.160000	0.160151	0.000000
0.160000	0.160047	0.000000
0.160000	0.160014	0.000000
0.170000	0.283585	0.193419
0.170000	0.278938	0.191839
0.170000	0.907985	0.000000
0.170000	0.709351	0.000000
0.170000	0.555496	0.000000
0.170000	0.438551	0.000000
0.170000	0.352300	0.000000
0.170000	0.291284	0.000000
0.170000	0.249304	0.000000
0.170000	0.220733	0.000000
0.170000	0.201531	0.000000
0.170000	0.188908	0.000000
0.170000	0.180865	0.000000
0.170000	0.175939	0.000000
0.170000	0.173060	0.000000
0.170000	0.171470	0.000000
0.170000	0.170647	0.000000
0.170000	0.170254	0.000000
0.170000	0.170083	0.000000
0.170000	0.802508	0.000000
0.170000	0.627293	0.000000
0.170000	0.492753	0.000000
0.170000	0.391852	0.000000
0.170000	0.319056	0.000000
0.170000	0.268445	0.000000
0.170000	0.233805	0.000000
0.170000	0.210318	0.000000
0.170000	0.194666	0.000000
0.170000	0.184514	0.000000
0.170000	0.178159	0.000000
0.170000	0.174348	0.000000
0.170000	0.172177	0.000000
0.170000	0.171011	0.000000
0.170000	0.170428	0.000000
0.170000	0.170160	0.000000
0.170000	0.170049	0.000000
0.170000	0.170015	0.000000
0.180000	0.311551	0.204067
0.180000	0.307123	0.203409
0.180000	0.966306	0.000000
0.180000	0.754603	0.000000
0.180000	0.590279	0.000000
0.180000	0.465189	0.000000
0.180000	0.373086	0.000000
0.180000	0.308276	0.000000
0.180000	0.263853	0.000000
0.180000	0.233650	0.000000
0.180000	0.213350	0.000000
0.180000	0.200001	0.000000
0.180000	0.191494	0.000000
0.180000	0.186283	0.000000
0.180000	0.183238	0.000000
0.180000	0.181555	0.000000
0.180000	0.180685	0.000000
0.180000	0.180269	0.000000
0.180000	0.180088	0.000000
0.180000	0.853951	0.000000
0.180000	0.667016	0.000000
0.180000	0.523184	0.000000
0.180000	0.415277	0.000000
0.180000	0.337730	0.000000
0.180000	0.284092	0.000000
0.180000	0.247463	0.000000
0.180000	0.222636	0.000000
0.180000	0.206088	0.000000
0.180000	0.195353	0.000000
0.180000	0.188631	0.000000
0.180000	0.184600	0.000000
0.180000	0.182303	0.000000
0.180000	0.181070	0.000000
0.180000	0.180453	0.000000
0.180000	0.180169	0.000000
0.180000	0.180052	0.000000
0.180000	0.180016	0.000000
0.190000	0.337359	0.212801
0.190000	0.341293	0.212736
0.190000	0.800308	0.000000
0.190000	0.625431	0.000000
0.190000	0.492006	0.000000
0.190000	0.393885	0.000000
0.190000	0.325241	0.000000
0.190000	0.278383	0.000000
0.190000	0.246556	0.000000
0.190000	0.225163	0.000000
0.190000	0.211091	0.000000
0.190000	0.202122	0.000000
0.190000	0.196627	0.000000
0.190000	0.193416	0.000000
0.190000	0.191641	0.000000
0.190000	0.190722	0.000000
0.190000	0.190283	0.000000
0.190000	0.190093	0.000000
0.190000	0.905848	0.000000
0.190000	0.707164	0.000000
0.190000	0.553900	0.000000
0.190000	0.438782	0.000000
0.190000	0.356386	0.000000
0.190000	0.299715	0.000000
0.190000	0.261106	0.000000
0.190000	0.234946	0.000000
0.190000	0.217506	0.000000
0.190000	0.206189	0.000000
0.190000	0.199102	0.000000
0.190000	0.194851	0.000000
0.190000	0.192429	0.000000
0.190000	0.191128	0.000000
0.190000	0.190478	0.000000
0.190000	0.190179	0.000000
0.190000	0.190055	0.000000
0.190000	0.190016	0.000000
0.200000	0.368985	0.219438
0.200000	0.372296	0.218918
0.200000	0.846443	0.000000
0.200000	0.660970	0.000000
0.200000	0.519024	0.000000
0.200000	0.414700	0.000000
0.200000	0.342179	0.000000
0.200000	0.292892	0.000000
0.200000	0.259450	0.000000
0.200000	0.236969	0.000000
0.200000	0.222178	0.000000
0.200000	0.212748	0.000000
0.200000	0.206970	0.000000
0.200000	0.203593	0.000000
0.200000	0.201726	0.000000
0.200000	0.200760	0.000000
0.200000	0.200298	0.000000
0.200000	0.200098	0.000000
0.200000	0.958161	0.000000
0.200000	0.747736	0.000000
0.200000	0.584926	0.000000
0.200000	0.462378	0.000000
0.200000	0.375022	0.000000
0.200000	0.315313	0.000000
0.200000	0.274733	0.000000
0.200000	0.247247	0.000000
0.200000	0.228919	0.000000
0.200000	0.217022	0.000000
0.200000	0.209571	0.000000
0.200000	0.205102	0.000000
0.200000	0.202555	0.000000
0.200000	0.201187	0.000000
0.200000	0.200502	0.000000
0.200000	0.200188	0.000000
0.200000	0.200058	0.000000
0.200000	0.200017	0.000000
0.210000	0.401141	0.223097
0.210000	0.403841	0.222367
0.210000	0.892984	0.000000
0.210000	0.696906	0.000000
0.210000	0.546269	0.000000
0.210000	0.435531	0.000000
0.210000	0.359087	0.000000
0.210000	0.307380	0.000000
0.210000	0.272333	0.000000
0.210000	0.248770	0.000000
0.210000	0.233262	0.000000
0.210000	0.223373	0.000000
0.210000	0.217312	0.000000
0.210000	0.213769	0.000000
0.210000	0.211811	0.000000
0.210000	0.210797	0.000000
0.210000	0.210313	0.000000
0.210000	0.210103	0.000000
0.210000	0.788724	0.000000
0.210000	0.616287	0.000000
0.210000	0.486080	0.000000
0.210000	0.393636	0.000000
0.210000	0.330883	0.000000
0.210000	0.288344	0.000000
0.210000	0.259538	0.000000
0.210000	0.240326	0.000000
0.210000	0.227853	0.000000
0.210000	0.220039	0.000000
0.210000	0.215352	0.000000
0.210000	0.212680	0.000000
0.210000	0.211245	0.000000
0.210000	0.210527	0.000000
0.210000	0.210197	0.000000
0.210000	0.210061	0.000000
0.210000	0.210018	0.000000
0.220000	0.433019	0.223952
0.220000	0.435197	0.223182
0.220000	0.939900	0.000000
0.220000	0.733247	0.000000
0.220000	0.573770	0.000000
0.220000	0.456380	0.000000
0.220000	0.375963	0.000000
0.220000	0.321847	0.000000
0.220000	0.285204	0.000000
0.220000	0.260564	0.000000
0.220000	0.244342	0.000000
0.220000	0.233995	0.000000
0.220000	0.227653	0.000000
0.220000	0.223945	0.000000
0.220000	0.221896	0.000000
0.220000	0.220835	0.000000
0.220000	0.220328	0.000000
0.220000	0.220108	0.000000
0.220000	0.830111	0.000000
0.220000	0.648009	0.000000
0.220000	0.509901	0.000000
0.220000	0.412226	0.000000
0.220000	0.346424	0.000000
0.220000	0.301937	0.000000
0.220000	0.271820	0.000000
0.220000	0.251729	0.000000
0.220000	0.238681	0.000000
0.220000	0.230506	0.000000
0.220000	0.225601	0.000000
0.220000	0.222805	0.000000
0.220000	0.221303	0.000000
0.220000	0.220552	0.000000
0.220000	0.220207	0.000000
0.220000	0.220064	0.000000
0.220000	0.220019	0.000000
0.230000	0.464053	0.222435
0.230000	0.465817	0.221712
0.230000	0.987156	0.000000
0.230000	0.769990	0.000000
0.230000	0.601560	0.000000
0.230000	0.477252	0.000000
0.230000	0.392805	0.000000
0.230000	0.336291	0.000000
0.230000	0.298062	0.000000
0.230000	0.272351	0.000000
0.230000	0.255419	0.000000
0.230000	0.244616	0.000000
0.230000	0.237993	0.000000
0.230000	0.234121	0.000000
0.230000	0.231980	0.000000
0.230000	0.230872	0.000000
0.230000	0.230342	0.000000
0.230000	0.230112	0.000000
0.230000	0.871878	0.000000
0.230000	0.680114	0.000000
0.230000	0.533862	0.000000
0.230000	0.430789	0.000000
0.230000	0.361936	0.000000
0.230000	0.315513	0.000000
0.230000	0.284093	0.000000
0.230000	0.263126	0.000000
0.230000	0.249506	0.000000
0.230000	0.240971	0.000000
0.230000	0.235850	0.000000
0.230000	0.232930	0.000000
0.230000	0.231361	0.000000
0.230000	0.230577	0.000000
0.230000	0.230216	0.000000
0.230000	0.230067	0.000000
0.230000	0.230020	0.000000
0.240000	0.493944	0.219038
0.240000	0.495391	0.218402
0.240000	0.807129	0.000000
0.240000	0.629672	0.000000
0.240000	0.498148	0.000000
0.240000	0.409609	0.000000
0.240000	0.350711	0.000000
0.240000	0.310907	0.000000
0.240000	0.284131	0.000000
0.240000	0.266492	0.000000
0.240000	0.255235	0.000000
0.240000	0.248332	0.000000
0.240000	0.244296	0.000000
0.240000	0.242065	0.000000
0.240000	0.240909	0.000000
0.240000	0.240357	0.000000
0.240000	0.240117	0.000000
0.240000	0.913996	0.000000
0.240000	0.712620	0.000000
0.240000	0.557985	0.000000
0.240000	0.449323	0.000000
0.240000	0.377416	0.000000
0.240000	0.329070	0.000000
0.240000	0.296355	0.000000
0.240000	0.274518	0.000000
0.240000	0.260329	0.000000
0.240000	0.251435	0.000000
0.240000	0.246097	0.000000
0.240000	0.243054	0.000000
0.240000	0.241419	0.000000
0.240000	0.240601	0.000000
0.240000	0.240225	0.000000
0.240000	0.240070	0.000000
0.240000	0.240021	0.000000
0.250000	0.522592	0.214204
0.250000	0.523795	0.213662
0.250000	0.844647	0.000000
0.250000	0.658147	0.000000
0.250000	0.519073	0.000000
0.250000	0.426375	0.000000
0.250000	0.365107	0.000000
0.250000	0.323739	0.000000
0.250000	0.295904	0.000000
0.250000	0.277561	0.000000
0.250000	0.265852	0.000000
0.250000	0.258670	0.000000
0.250000	0.254471	0.000000
0.250000	0.252149	0.000000
0.250000	0.250947	0.000000
0.250000	0.250372	0.000000
0.250000	0.250122	0.000000
0.250000	0.956435	0.000000
0.250000	0.745541	0.000000
0.250000	0.582298	0.000000
0.250000	0.467824	0.000000
0.250000	0.392863	0.000000
0.250000	0.342609	0.000000
0.250000	0.308607	0.000000
0.250000	0.285904	0.000000
0.250000	0.271148	0.000000
0.250000	0.261897	0.000000
0.250000	0.256344	0.000000
0.250000	0.253178	0.000000
0.250000	0.251477	0.000000
0.250000	0.250626	0.000000
0.250000	0.250234	0.000000
0.250000	0.250073	0.000000
0.250000	0.250022	0.000000
0.260000	0.550008	0.208285
0.260000	0.551023	0.207831
0.260000	0.882520	0.000000
0.260000	0.687022	0.000000
0.260000	0.540032	0.000000
0.260000	0.443097	0.000000
0.260000	0.379477	0.000000
0.260000	0.336558	0.000000
0.260000	0.307670	0.000000
0.260000	0.288626	0.000000
0.260000	0.276466	0.000000
0.260000	0.269008	0.000000
0.260000	0.264645	0.000000
0.260000	0.262233	0.000000
0.260000	0.260984	0.000000
0.260000	0.260386	0.000000
0.260000	0.260127	0.000000
0.260000	0.999160	0.000000
0.260000	0.778880	0.000000
0.260000	0.606835	0.000000
0.260000	0.486288	0.000000
0.260000	0.408275	0.000000
0.260000	0.356129	0.000000
0.260000	0.320849	0.000000
0.260000	0.297285	0.000000
0.260000	0.281964	0.000000
0.260000	0.272357	0.000000
0.260000	0.266590	0.000000
0.260000	0.263301	0.000000
0.260000	0.261534	0.000000
0.260000	0.260650	0.000000
0.260000	0.260244	0.000000
0.260000	0.260075	0.000000
0.260000	0.260023	0.000000
0.270000	0.576258	0.201550
0.270000	0.577124	0.201166
0.270000	0.920719	0.000000
0.270000	0.716335	0.000000
0.270000	0.561030	0.000000
0.270000	0.459775	0.000000
0.270000	0.393822	0.000000
0.270000	0.349362	0.000000
0.270000	0.319428	0.000000
0.270000	0.299687	0.000000
0.270000	0.287079	0.000000
0.270000	0.279344	0.000000
0.270000	0.274819	0.000000
0.270000	0.272317	0.000000
0.270000	0.271021	0.000000
0.270000	0.270401	0.000000
0.270000	0.270132	0.000000
0.270000	0.812631	0.000000
0.270000	0.631640	0.000000
0.270000	0.504711	0.000000
0.270000	0.423652	0.000000
0.270000	0.369630	0.000000
0.270000	0.333080	0.000000
0.270000	0.308659	0.000000
0.270000	0.292777	0.000000
0.270000	0.282816	0.000000
0.270000	0.276835	0.000000
0.270000	0.273424	0.000000
0.270000	0.271592	0.000000
0.270000	0.270675	0.000000
0.270000	0.270253	0.000000
0.270000	0.270078	0.000000
0.270000	0.270023	0.000000
0.280000	0.601430	0.194197
0.280000	0.602173	0.193862
0.280000	0.959209	0.000000
0.280000	0.746119	0.000000
0.280000	0.582076	0.000000
0.280000	0.476404	0.000000
0.280000	0.408140	0.000000
0.280000	0.362153	0.000000
0.280000	0.331179	0.000000
0.280000	0.310744	0.000000
0.280000	0.297690	0.000000
0.280000	0.289679	0.000000
0.280000	0.284992	0.000000
0.280000	0.282400	0.000000
0.280000	0.281058	0.000000
0.280000	0.280415	0.000000
0.280000	0.280137	0.000000
0.280000	0.846778	0.000000
0.280000	0.656763	0.000000
0.280000	0.523089	0.000000
0.280000	0.438992	0.000000
0.280000	0.383110	0.000000
0.280000	0.345300	0.000000
0.280000	0.320028	0.000000
0.280000	0.303587	0.000000
0.280000	0.293273	0.000000
0.280000	0.287080	0.000000
0.280000	0.283547	0.000000
0.280000	0.281649	0.000000
0.280000	0.280699	0.000000
0.280000	0.280262	0.000000
0.280000	0.280081	0.000000
0.280000	0.280024	0.000000
0.290000	0.625619	0.186374
0.290000	0.626245	0.186061
0.290000	0.997953	0.000000
0.290000	0.776398	0.000000
0.290000	0.603179	0.000000
0.290000	0.492981	0.000000
0.290000	0.422431	0.000000
0.290000	0.374930	0.000000
0.290000	0.342922	0.000000
0.290000	0.321798	0.000000
0.290000	0.308298	0.000000
0.290000	0.300013	0.000000
0.290000	0.295165	0.000000
0.290000	0.292483	0.000000
0.290000	0.291095	0.000000
0.290000	0.290430	0.000000
0.290000	0.290141	0.000000
0.290000	0.881293	0.000000
0.290000	0.682269	0.000000
0.290000	0.541415	0.000000
0.290000	0.454293	0.000000
0.290000	0.396571	0.000000
0.290000	0.357510	0.000000
0.290000	0.331391	0.000000
0.290000	0.314393	0.000000
0.290000	0.303728	0.000000
0.290000	0.297323	0.000000
0.290000	0.293669	0.000000
0.290000	0.291706	0.000000
0.290000	0.290723	0.000000
0.290000	0.290271	0.000000
0.290000	0.290084	0.000000
0.290000	0.290025	0.000000
0.300000	0.648915	0.178193
0.300000	0.649411	0.177872
0.300000	0.807181	0.000000
0.300000	0.624351	0.000000
0.300000	0.509502	0.000000
0.300000	0.436693	0.000000
0.300000	0.387692	0.000000
0.300000	0.354658	0.000000
0.300000	0.332846	0.000000
0.300000	0.318904	0.000000
0.300000	0.310345	0.000000
0.300000	0.305337	0.000000
0.300000	0.302567	0.000000
0.300000	0.301131	0.000000
0.300000	0.300445	0.000000
0.300000	0.300146	0.000000
0.300000	0.916139	0.000000
0.300000	0.708234	0.000000
0.300000	0.559683	0.000000
0.300000	0.469553	0.000000
0.300000	0.410011	0.000000
0.300000	0.369708	0.000000
0.300000	0.342748	0.000000
0.300000	0.325197	0.000000
0.300000	0.314181	0.000000
0.300000	0.307566	0.000000
0.300000	0.303791	0.000000
0.300000	0.301763	0.000000
0.300000	0.300747	0.000000
0.300000	0.300280	0.000000
0.300000	0.300087	0.000000
0.300000	0.300026	0.000000
0.310000	0.671412	0.169732
0.310000	0.671730	0.169381
0.310000	0.838456	0.000000
0.310000	0.645612	0.000000
0.310000	0.525965	0.000000
0.310000	0.450927	0.000000
0.310000	0.400439	0.000000
0.310000	0.366385	0.000000
0.310000	0.343891	0.000000
0.310000	0.329508	0.000000
0.310000	0.320677	0.000000
0.310000	0.315509	0.000000
0.310000	0.312649	0.000000
0.310000	0.311168	0.000000
0.310000	0.310459	0.000000
0.310000	0.310151	0.000000
0.310000	0.951273	0.000000
0.310000	0.734748	0.000000
0.310000	0.577884	0.000000
0.310000	0.484772	0.000000
0.310000	0.423430	0.000000
0.310000	0.381896	0.000000
0.310000	0.354098	0.000000
0.310000	0.335996	0.000000
0.310000	0.324633	0.000000
0.310000	0.317807	0.000000
0.310000	0.313913	0.000000
0.310000	0.311820	0.000000
0.310000	0.310771	0.000000
0.310000	0.310289	0.000000
0.310000	0.310090	0.000000
0.310000	0.310027	0.000000
0.320000	0.693195	0.161046
0.320000	0.693250	0.160664
0.320000	0.870193	0.000000
0.320000	0.666982	0.000000
0.320000	0.542363	0.000000
0.320000	0.465132	0.000000
0.320000	0.413172	0.000000
0.320000	0.378105	0.000000
0.320000	0.354931	0.000000
0.320000	0.340109	0.000000
0.320000	0.331007	0.000000
0.320000	0.325680	0.000000
0.320000	0.322732	0.000000
0.320000	0.321205	0.000000
0.320000	0.320474	0.000000
0.320000	0.320156	0.000000
0.320000	0.986649	0.000000
0.320000	0.761911	0.000000
0.320000	0.596009	0.000000
0.320000	0.499948	0.000000
0.320000	0.436828	0.000000
0.320000	0.394072	0.000000
0.320000	0.365443	0.000000
0.320000	0.346793	0.000000
0.320000	0.335083	0.000000
0.320000	0.328048	0.000000
0.320000	0.324034	0.000000
0.320000	0.321876	0.000000
0.320000	0.320796	0.000000
0.320000	0.320298	0.000000
0.320000	0.320093	0.000000
0.320000	0.320028	0.000000
0.330000	0.714349	0.152160
0.330000	0.714011	0.151800
0.330000	0.902340	0.000000
0.330000	0.688495	0.000000
0.330000	0.558694	0.000000
0.330000	0.479307	0.000000
0.330000	0.425890	0.000000
0.330000	0.389817	0.000000
0.330000	0.365967	0.000000
0.330000	0.350708	0.000000
0.330000	0.341336	0.000000
0.330000	0.335850	0.000000
0.330000	0.332814	0.000000
0.330000	0.331241	0.000000
0.330000	0.330488	0.000000
0.330000	0.330161	0.000000
0.330000	0.789820	0.000000
0.330000	0.614048	0.000000
0.330000	0.515079	0.000000
0.330000	0.450206	0.000000
0.330000	0.406237	0.000000
0.330000	0.376781	0.000000
0.330000	0.357586	0.000000
0.330000	0.345531	0.000000
0.330000	0.338288	0.000000
0.330000	0.334154	0.000000
0.330000	0.331932	0.000000
0.330000	0.330819	0.000000
0.330000	0.330308	0.000000
0.330000	0.330095	0.000000
0.330000	0.330029	0.000000
0.340000	0.734946	0.143070
0.340000	0.734056	0.142873
0.340000	0.934829	0.000000
0.340000	0.710199	0.000000
0.340000	0.574954	0.000000
0.340000	0.493452	0.000000
0.340000	0.438592	0.000000
0.340000	0.401520	0.000000
0.340000	0.376999	0.000000
0.340000	0.361305	0.000000
0.340000	0.351664	0.000000
0.340000	0.346020	0.000000
0.340000	0.342896	0.000000
0.340000	0.341277	0.000000
0.340000	0.340502	0.000000
0.340000	0.340165	0.000000
0.340000	0.818552	0.000000
0.340000	0.631988	0.000000
0.340000	0.530164	0.000000
0.340000	0.463561	0.000000
0.340000	0.418390	0.000000
0.340000	0.388113	0.000000
0.340000	0.368375	0.000000
0.340000	0.355977	0.000000
0.340000	0.348526	0.000000
0.340000	0.344274	0.000000
0.340000	0.341988	0.000000
0.340000	0.340843	0.000000
0.340000	0.340317	0.000000
0.340000	0.340098	0.000000
0.340000	0.340029	0.000000
0.350000	0.753443	0.133983
0.350000	0.755044	0.133741
0.350000	0.967582	0.000000
0.350000	0.732165	0.000000
0.350000	0.591137	0.000000
0.350000	0.507566	0.000000
0.350000	0.451280	0.000000
0.350000	0.413216	0.000000
0.350000	0.388026	0.000000
0.350000	0.371900	0.000000
0.350000	0.361991	0.000000
0.350000	0.356189	0.000000
0.350000	0.352978	0.000000
0.350000	0.351314	0.000000
0.350000	0.350517	0.000000
0.350000	0.350170	0.000000
0.350000	0.848135	0.000000
0.350000	0.649814	0.000000
0.350000	0.545202	0.000000
0.350000	0.476896	0.000000
0.350000	0.430532	0.000000
0.350000	0.399438	0.000000
0.350000	0.379161	0.000000
0.350000	0.366421	0.000000
0.350000	0.358764	0.000000
0.350000	0.354394	0.000000
0.350000	0.352044	0.000000
0.350000	0.350867	0.000000
0.350000	0.350326	0.000000
0.350000	0.350101	0.000000
0.350000	0.350030	0.000000
0.360000	0.772263	0.125226
0.360000	0.774670	0.124103
0.360000	0.754506	0.000000
0.360000	0.607240	0.000000
0.360000	0.521650	0.000000
0.360000	0.463952	0.000000
0.360000	0.424903	0.000000
0.360000	0.399048	0.000000
0.360000	0.382491	0.000000
0.360000	0.372316	0.000000
0.360000	0.366358	0.000000
0.360000	0.363059	0.000000
0.360000	0.361350	0.000000
0.360000	0.360531	0.000000
0.360000	0.360175	0.000000
0.360000	0.878513	0.000000
0.360000	0.667509	0.000000
0.360000	0.560192	0.000000
0.360000	0.490208	0.000000
0.360000	0.442663	0.000000
0.360000	0.410757	0.000000
0.360000	0.389944	0.000000
0.360000	0.376863	0.000000
0.360000	0.369001	0.000000
0.360000	0.364513	0.000000
0.360000	0.362100	0.000000
0.360000	0.360891	0.000000
0.360000	0.360335	0.000000
0.360000	0.360104	0.000000
0.360000	0.360031	0.000000
0.370000	0.790647	0.116678
0.370000	0.793806	0.114043
0.370000	0.777411	0.000000
0.370000	0.623257	0.000000
0.370000	0.535701	0.000000
0.370000	0.476610	0.000000
0.370000	0.436582	0.000000
0.370000	0.410066	0.000000
0.370000	0.393081	0.000000
0.370000	0.382640	0.000000
0.370000	0.376526	0.000000
0.370000	0.373141	0.000000
0.370000	0.371386	0.000000
0.370000	0.370545	0.000000
0.370000	0.370180	0.000000
0.370000	0.909542	0.000000
0.370000	0.685053	0.000000
0.370000	0.575133	0.000000
0.370000	0.503499	0.000000
0.370000	0.454783	0.000000
0.370000	0.422070	0.000000
0.370000	0.400722	0.000000
0.370000	0.387304	0.000000
0.370000	0.379237	0.000000
0.370000	0.374631	0.000000
0.370000	0.372155	0.000000
0.370000	0.370915	0.000000
0.370000	0.370344	0.000000
0.370000	0.370107	0.000000
0.370000	0.370032	0.000000
0.380000	0.808747	0.108374
0.380000	0.812341	0.103404
0.380000	0.801228	0.000000
0.380000	0.639186	0.000000
0.380000	0.549722	0.000000
0.380000	0.489251	0.000000
0.380000	0.448253	0.000000
0.380000	0.421080	0.000000
0.380000	0.403668	0.000000
0.380000	0.392963	0.000000
0.380000	0.386693	0.000000
0.380000	0.383222	0.000000
0.380000	0.381422	0.000000
0.380000	0.380560	0.000000
0.380000	0.380184	0.000000
0.380000	0.941016	0.000000
0.380000	0.702423	0.000000
0.380000	0.590023	0.000000
0.380000	0.516769	0.000000
0.380000	0.466891	0.000000
0.380000	0.433377	0.000000
0.380000	0.411498	0.000000
0.380000	0.397742	0.000000
0.380000	0.389471	0.000000
0.380000	0.384749	0.000000
0.380000	0.382210	0.000000
0.380000	0.380938	0.000000
0.380000	0.380352	0.000000
0.380000	0.380110	0.000000
0.380000	0.380033	0.000000
0.390000	0.826721	0.100294
0.390000	0.829983	0.091993
0.390000	0.826650	0.000000
0.390000	0.655022	0.000000
0.390000	0.563710	0.000000
0.390000	0.501878	0.000000
0.390000	0.459915	0.000000
0.390000	0.432089	0.000000
0.390000	0.414252	0.000000
0.390000	0.403285	0.000000
0.390000	0.396860	0.000000
0.390000	0.393302	0.000000
0.390000	0.391458	0.000000
0.390000	0.390574	0.000000
0.390000	0.390189	0.000000
0.390000	0.972714	0.000000
0.390000	0.719595	0.000000
0.390000	0.604862	0.000000
0.390000	0.530016	0.000000
0.390000	0.478987	0.000000
0.390000	0.444677	0.000000
0.390000	0.422270	0.000000
0.390000	0.408178	0.000000
0.390000	0.399705	0.000000
0.390000	0.394867	0.000000
0.390000	0.392265	0.000000
0.390000	0.390962	0.000000
0.390000	0.390361	0.000000
0.390000	0.390112	0.000000
0.390000	0.390034	0.000000
0.400000	0.844703	0.092376
0.400000	0.846028	0.079724
0.400000	0.855168	0.000000
0.400000	0.670761	0.000000
0.400000	0.577666	0.000000
0.400000	0.514489	0.000000
0.400000	0.471569	0.000000
0.400000	0.443093	0.000000
0.400000	0.424834	0.000000
0.400000	0.413605	0.000000
0.400000	0.407026	0.000000
0.400000	0.403383	0.000000
0.400000	0.401493	0.000000
0.400000	0.400588	0.000000
0.400000	0.400194	0.000000
0.400000	0.736541	0.000000
0.400000	0.619650	0.000000
0.400000	0.543242	0.000000
0.400000	0.491072	0.000000
0.400000	0.455971	0.000000
0.400000	0.433038	0.000000
0.400000	0.418613	0.000000
0.400000	0.409938	0.000000
0.400000	0.404984	0.000000
0.400000	0.402320	0.000000
0.400000	0.400985	0.000000
0.400000	0.400370	0.000000
0.400000	0.400115	0.000000
0.400000	0.400035	0.000000
0.410000	0.862797	0.084526
0.410000	0.859222	0.067460
0.410000	0.889355	0.000000
0.410000	0.686402	0.000000
0.410000	0.591591	0.000000
0.410000	0.527086	0.000000
0.410000	0.483216	0.000000
0.410000	0.454093	0.000000
0.410000	0.435414	0.000000
0.410000	0.423924	0.000000
0.410000	0.417191	0.000000
0.410000	0.413463	0.000000
0.410000	0.411529	0.000000
0.410000	0.410602	0.000000
0.410000	0.410199	0.000000
0.410000	0.753234	0.000000
0.410000	0.634385	0.000000
0.410000	0.556447	0.000000
0.410000	0.503147	0.000000
0.410000	0.467258	0.000000
0.410000	0.443802	0.000000
0.410000	0.429045	0.000000
0.410000	0.420169	0.000000
0.410000	0.415100	0.000000
0.410000	0.412375	0.000000
0.410000	0.411008	0.000000
0.410000	0.410379	0.000000
0.410000	0.410118	0.000000
0.410000	0.410036	0.000000
0.420000	0.881078	0.076631
0.420000	0.869981	0.057870
0.420000	0.928434	0.000000
0.420000	0.701941	0.000000
0.420000	0.605483	0.000000
0.420000	0.539666	0.000000
0.420000	0.494853	0.000000
0.420000	0.465088	0.000000
0.420000	0.445991	0.000000
0.420000	0.434241	0.000000
0.420000	0.427356	0.000000
0.420000	0.423542	0.000000
0.420000	0.421564	0.000000
0.420000	0.420616	0.000000
0.420000	0.420203	0.000000
0.420000	0.769649	0.000000
0.420000	0.649067	0.000000
0.420000	0.569629	0.000000
0.420000	0.515209	0.000000
0.420000	0.478539	0.000000
0.420000	0.454563	0.000000
0.420000	0.439476	0.000000
0.420000	0.430400	0.000000
0.420000	0.425217	0.000000
0.420000	0.422429	0.000000
0.420000	0.421032	0.000000
0.420000	0.420388	0.000000
0.420000	0.420121	0.000000
0.420000	0.420036	0.000000
0.430000	0.899591	0.068556
0.430000	0.881303	0.051212
0.430000	0.966445	0.000000
0.430000	0.717377	0.000000
0.430000	0.619344	0.000000
0.430000	0.552232	0.000000
0.430000	0.506483	0.000000
0.430000	0.476078	0.000000
0.430000	0.456565	0.000000
0.430000	0.444557	0.000000
0.430000	0.437520	0.000000
0.430000	0.433622	0.000000
0.430000	0.431600	0.000000
0.430000	0.430630	0.000000
0.430000	0.430208	0.000000
0.430000	0.785763	0.000000
0.430000	0.663697	0.000000
0.430000	0.582791	0.000000
0.430000	0.527261	0.000000
0.430000	0.489814	0.000000
0.430000	0.465321	0.000000
0.430000	0.449904	0.000000
0.430000	0.440629	0.000000
0.430000	0.435332	0.000000
0.430000	0.432483	0.000000
0.430000	0.431055	0.000000
0.430000	0.430397	0.000000
0.430000	0.430124	0.000000
0.430000	0.430037	0.000000
0.440000	0.918362	0.060126
0.440000	0.894087	0.045665
0.440000	0.732710	0.000000
0.440000	0.633172	0.000000
0.440000	0.564783	0.000000
0.440000	0.518105	0.000000
0.440000	0.487064	0.000000
0.440000	0.467137	0.000000
0.440000	0.454872	0.000000
0.440000	0.447683	0.000000
0.440000	0.443701	0.000000
0.440000	0.441635	0.000000
0.440000	0.440644	0.000000
0.440000	0.440213	0.000000
0.440000	0.801563	0.000000
0.440000	0.678274	0.000000
0.440000	0.595931	0.000000
0.440000	0.539302	0.000000
0.440000	0.501083	0.000000
0.440000	0.476075	0.000000
0.440000	0.460331	0.000000
0.440000	0.450858	0.000000
0.440000	0.445447	0.000000
0.440000	0.442537	0.000000
0.440000	0.441078	0.000000
0.440000	0.440406	0.000000
0.440000	0.440126	0.000000
0.440000	0.440038	0.000000
0.450000	0.937402	0.051078
0.450000	0.908026	0.040222
0.450000	0.747940	0.000000
0.450000	0.646970	0.000000
0.450000	0.577319	0.000000
0.450000	0.529718	0.000000
0.450000	0.498046	0.000000
0.450000	0.477706	0.000000
0.450000	0.465186	0.000000
0.450000	0.457846	0.000000
0.450000	0.453780	0.000000
0.450000	0.451670	0.000000
0.450000	0.450658	0.000000
0.450000	0.450218	0.000000
0.450000	0.817049	0.000000
0.450000	0.692800	0.000000
0.450000	0.609050	0.000000
0.450000	0.551331	0.000000
0.450000	0.512345	0.000000
0.450000	0.486825	0.000000
0.450000	0.470755	0.000000
0.450000	0.461085	0.000000
0.450000	0.455562	0.000000
0.450000	0.452590	0.000000
0.450000	0.451101	0.000000
0.450000	0.450414	0.000000
0.450000	0.450129	0.000000
0.450000	0.450039	0.000000
0.460000	0.956706	0.040914
0.460000	0.922805	0.034350
0.460000	0.763070	0.000000
0.460000	0.660736	0.000000
0.460000	0.589841	0.000000
0.460000	0.541324	0.000000
0.460000	0.509023	0.000000
0.460000	0.488273	0.000000
0.460000	0.475498	0.000000
0.460000	0.468008	0.000000
0.460000	0.463858	0.000000
0.460000	0.461705	0.000000
0.460000	0.460672	0.000000
0.460000	0.460222	0.000000
0.460000	0.832233	0.000000
0.460000	0.707274	0.000000
0.460000	0.622148	0.000000
0.460000	0.563350	0.000000
0.460000	0.523602	0.000000
0.460000	0.497572	0.000000
0.460000	0.481178	0.000000
0.460000	0.471311	0.000000
0.460000	0.465675	0.000000
0.460000	0.462644	0.000000
0.460000	0.461124	0.000000
0.460000	0.460423	0.000000
0.460000	0.460132	0.000000
0.460000	0.460040	0.000000
0.470000	0.976259	0.028351
0.470000	0.938209	0.027505
0.470000	0.778102	0.000000
0.470000	0.674471	0.000000
0.470000	0.602347	0.000000
0.470000	0.552921	0.000000
0.470000	0.519995	0.000000
0.470000	0.498837	0.000000
0.470000	0.485808	0.000000
0.470000	0.478169	0.000000
0.470000	0.473936	0.000000
0.470000	0.471740	0.000000
0.470000	0.470686	0.000000
0.470000	0.470227	0.000000
0.470000	0.847141	0.000000
0.470000	0.721697	0.000000
0.470000	0.635226	0.000000
0.470000	0.575358	0.000000
0.470000	0.534852	0.000000
0.470000	0.508315	0.000000
0.470000	0.491598	0.000000
0.470000	0.481537	0.000000
0.470000	0.475789	0.000000
0.470000	0.472697	0.000000
0.470000	0.471146	0.000000
0.470000	0.470432	0.000000
0.470000	0.470135	0.000000
0.470000	0.470041	0.000000
