0.001000	0.968638	0.000000
0.001000	0.896567	0.000000
0.001000	0.829329	0.000000
0.001000	0.766603	0.000000
0.001000	0.708086	0.000000
0.001000	0.653502	0.000000
0.001000	0.602592	0.000000
0.001000	0.555123	0.000000
0.001000	0.510874	0.000000
0.001000	0.469642	0.000000
0.001000	0.431238	0.000000
0.001000	0.395489	0.000000
0.001000	0.362232	0.000000
0.001000	0.331316	0.000000
0.001000	0.302598	0.000000
0.001000	0.275949	0.000000
0.001000	0.251242	0.000000
0.001000	0.228363	0.000000
0.001000	0.207201	0.000000
0.001000	0.187654	0.000000
0.001000	0.169625	0.000000
0.001000	0.153021	0.000000
0.001000	0.137754	0.000000
0.001000	0.123743	0.000000
0.001000	0.110907	0.000000
0.001000	0.099171	0.000000
0.001000	0.088465	0.000000
0.001000	0.078719	0.000000
0.001000	0.069868	0.000000
0.001000	0.061850	0.000000
0.001000	0.054606	0.000000
0.001000	0.048078	0.000000
0.001000	0.042214	0.000000
0.001000	0.036961	0.000000
0.001000	0.032270	0.000000
0.001000	0.028094	0.000000
0.001000	0.024391	0.000000
0.001000	0.021117	0.000000
0.001000	0.018235	0.000000
0.001000	0.015706	0.000000
0.001000	0.013496	0.000000
0.001000	0.011573	0.000000
0.010000	0.013110	0.009514
0.010000	0.901698	0.000000
0.010000	0.800480	0.000000
0.010000	0.708895	0.000000
0.010000	0.626242	0.000000
0.010000	0.551845	0.000000
0.010000	0.485053	0.000000
0.010000	0.425247	0.000000
0.010000	0.371842	0.000000
0.010000	0.324285	0.000000
0.010000	0.282061	0.000000
0.010000	0.244685	0.000000
0.010000	0.211708	0.000000
0.010000	0.182711	0.000000
0.010000	0.157303	0.000000
0.010000	0.135123	0.000000
0.010000	0.115837	0.000000
0.010000	0.099135	0.000000
0.010000	0.084731	0.000000
0.010000	0.072363	0.000000
0.010000	0.061791	0.000000
0.010000	0.052794	0.000000
0.010000	0.045175	0.000000
0.010000	0.038753	0.000000
0.010000	0.033366	0.000000
0.010000	0.028872	0.000000
0.010000	0.025144	0.000000
0.010000	0.022073	0.000000
0.010000	0.019564	0.000000
0.010000	0.017533	0.000000
0.010000	0.015904	0.000000
0.010000	0.014606	0.000000
0.010000	0.013578	0.000000
0.010000	0.012767	0.000000
0.010000	0.012131	0.000000
0.010000	0.011633	0.000000
0.010000	0.011246	0.000000
0.010000	0.010946	0.000000
0.010000	0.010715	0.000000
0.010000	0.010538	0.000000
0.010000	0.010404	0.000000
0.010000	0.010302	0.000000
0.010000	0.010224	0.000000
0.010000	0.010167	0.000000
0.010000	0.010123	0.000000
0.010000	0.010091	0.000000
0.010000	0.010067	0.000000
0.010000	0.010050	0.000000
0.010000	0.010037	0.000000
0.010000	0.010027	0.000000
0.010000	0.010020	0.000000
0.010000	0.010015	0.000000
0.010000	0.010011	0.000000
0.010000	0.010008	0.000000
0.010000	0.010006	0.000000
0.010000	0.010005	0.000000
0.010000	0.010004	0.000000
0.010000	0.010003	0.000000
0.010000	0.010002	0.000000
0.010000	0.010002	0.000000
0.010000	0.010001	0.000000
0.010000	0.010001	0.000000
0.010000	0.010001	0.000000
0.010000	0.010001	0.000000
0.010000	0.010001	0.000000
0.010000	0.010001	0.000000
0.010000	0.010001	0.000000
0.010000	0.010001	0.000000
0.010000	0.010000	0.000000
0.010000	0.010000	0.000000
0.020000	0.026255	0.019078
0.020000	0.987637	0.000000
0.020000	0.864222	0.000000
0.020000	0.754192	0.000000
0.020000	0.656440	0.000000
0.020000	0.569895	0.000000
0.020000	0.493525	0.000000
0.020000	0.426355	0.000000
0.020000	0.367466	0.000000
0.020000	0.316008	0.000000
0.020000	0.271195	0.000000
0.020000	0.232309	0.000000
0.020000	0.198689	0.000000
0.020000	0.169736	0.000000
0.020000	0.144903	0.000000
0.020000	0.123694	0.000000
0.020000	0.105660	0.000000
0.020000	0.090395	0.000000
0.020000	0.077533	0.000000
0.020000	0.066748	0.000000
0.020000	0.057753	0.000000
0.020000	0.050292	0.000000
0.020000	0.044147	0.000000
0.020000	0.039128	0.000000
0.020000	0.035065	0.000000
0.020000	0.031806	0.000000
0.020000	0.029211	0.000000
0.020000	0.027155	0.000000
0.020000	0.025534	0.000000
0.020000	0.024261	0.000000
0.020000	0.023266	0.000000
0.020000	0.022491	0.000000
0.020000	0.021892	0.000000
0.020000	0.021430	0.000000
0.020000	0.021077	0.000000
0.020000	0.020807	0.000000
0.020000	0.020603	0.000000
0.020000	0.020449	0.000000
0.020000	0.020333	0.000000
0.020000	0.020247	0.000000
0.020000	0.020182	0.000000
0.020000	0.020135	0.000000
0.020000	0.020099	0.000000
0.020000	0.020073	0.000000
0.020000	0.020054	0.000000
0.020000	0.020040	0.000000
0.020000	0.020030	0.000000
0.020000	0.020022	0.000000
0.020000	0.020017	0.000000
0.020000	0.020012	0.000000
0.020000	0.020009	0.000000
0.020000	0.020007	0.000000
0.020000	0.020006	0.000000
0.020000	0.020004	0.000000
0.020000	0.020003	0.000000
0.020000	0.020003	0.000000
0.020000	0.020002	0.000000
0.020000	0.020002	0.000000
0.020000	0.020002	0.000000
0.020000	0.020001	0.000000
0.020000	0.020001	0.000000
0.020000	0.020001	0.000000
0.020000	0.020001	0.000000
0.020000	0.020001	0.000000
0.020000	0.020001	0.000000
0.030000	0.039475	0.028740
0.030000	0.998151	0.000000
0.030000	0.865473	0.000000
0.030000	0.748430	0.000000
0.030000	0.645600	0.000000
0.030000	0.555607	0.000000
0.030000	0.477140	0.000000
0.030000	0.408968	0.000000
0.030000	0.349947	0.000000
0.030000	0.299030	0.000000
0.030000	0.255263	0.000000
0.030000	0.217785	0.000000
0.030000	0.185819	0.000000
0.030000	0.158666	0.000000
0.030000	0.135702	0.000000
0.030000	0.116366	0.000000
0.030000	0.100161	0.000000
0.030000	0.086650	0.000000
0.030000	0.075448	0.000000
0.030000	0.066224	0.000000
0.030000	0.058691	0.000000
0.030000	0.052596	0.000000
0.030000	0.047708	0.000000
0.030000	0.043815	0.000000
0.030000	0.040732	0.000000
0.030000	0.038300	0.000000
0.030000	0.036391	0.000000
0.030000	0.034898	0.000000
0.030000	0.033737	0.000000
0.030000	0.032838	0.000000
0.030000	0.032145	0.000000
0.030000	0.031615	0.000000
0.030000	0.031211	0.000000
0.030000	0.030904	0.000000
0.030000	0.030673	0.000000
0.030000	0.030500	0.000000
0.030000	0.030370	0.000000
0.030000	0.030274	0.000000
0.030000	0.030202	0.000000
0.030000	0.030149	0.000000
0.030000	0.030110	0.000000
0.030000	0.030081	0.000000
0.030000	0.030060	0.000000
0.030000	0.030045	0.000000
0.030000	0.030033	0.000000
0.030000	0.030019	0.000000
0.030000	0.030025	0.000000
0.030000	0.030011	0.000000
0.030000	0.030014	0.000000
0.030000	0.030008	0.000000
0.030000	0.030007	0.000000
0.030000	0.030005	0.000000
0.030000	0.030004	0.000000
0.030000	0.030003	0.000000
0.030000	0.030003	0.000000
0.030000	0.030002	0.000000
0.030000	0.030002	0.000000
0.030000	0.030002	0.000000
0.030000	0.030002	0.000000
0.030000	0.030002	0.000000
0.030000	0.030001	0.000000
0.030000	0.030001	0.000000
0.040000	0.052812	0.038553
0.040000	0.869480	0.000000
0.040000	0.747465	0.000000
0.040000	0.641136	0.000000
0.040000	0.548866	0.000000
0.040000	0.469113	0.000000
0.040000	0.400438	0.000000
0.040000	0.341518	0.000000
0.040000	0.291153	0.000000
0.040000	0.248262	0.000000
0.040000	0.211878	0.000000
0.040000	0.181138	0.000000
0.040000	0.155278	0.000000
0.040000	0.133621	0.000000
0.040000	0.115572	0.000000
0.040000	0.100615	0.000000
0.040000	0.088304	0.000000
0.040000	0.078254	0.000000
0.040000	0.070125	0.000000
0.040000	0.063607	0.000000
0.040000	0.058417	0.000000
0.040000	0.054306	0.000000
0.040000	0.051065	0.000000
0.040000	0.048520	0.000000
0.040000	0.046530	0.000000
0.040000	0.044982	0.000000
0.040000	0.043783	0.000000
0.040000	0.042860	0.000000
0.040000	0.042153	0.000000
0.040000	0.041614	0.000000
0.040000	0.041206	0.000000
0.040000	0.040898	0.000000
0.040000	0.040666	0.000000
0.040000	0.040493	0.000000
0.040000	0.040365	0.000000
0.040000	0.040269	0.000000
0.040000	0.040199	0.000000
0.040000	0.040146	0.000000
0.040000	0.040108	0.000000
0.040000	0.040080	0.000000
0.040000	0.040059	0.000000
0.040000	0.040044	0.000000
0.040000	0.040033	0.000000
0.040000	0.040025	0.000000
0.040000	0.040019	0.000000
0.040000	0.040014	0.000000
0.040000	0.040011	0.000000
0.040000	0.040009	0.000000
0.040000	0.040007	0.000000
0.040000	0.040006	0.000000
0.040000	0.040005	0.000000
0.040000	0.040004	0.000000
0.040000	0.040003	0.000000
0.040000	0.040003	0.000000
0.040000	0.040002	0.000000
0.040000	0.040002	0.000000
0.040000	0.040002	0.000000
0.040000	0.040002	0.000000
0.040000	0.040002	0.000000
0.050000	0.066313	0.048567
0.050000	0.942632	0.000000
0.050000	0.807898	0.000000
0.050000	0.690971	0.000000
0.050000	0.589963	0.000000
0.050000	0.503081	0.000000
0.050000	0.428648	0.000000
0.050000	0.365123	0.000000
0.050000	0.311108	0.000000
0.050000	0.265353	0.000000
0.050000	0.226743	0.000000
0.050000	0.194294	0.000000
0.050000	0.167141	0.000000
0.050000	0.144528	0.000000
0.050000	0.125798	0.000000
0.050000	0.110389	0.000000
0.050000	0.097816	0.000000
0.050000	0.087650	0.000000
0.050000	0.079502	0.000000
0.050000	0.073016	0.000000
0.050000	0.067879	0.000000
0.050000	0.063829	0.000000
0.050000	0.060648	0.000000
0.050000	0.058161	0.000000
0.050000	0.056226	0.000000
0.050000	0.054728	0.000000
0.050000	0.053575	0.000000
0.050000	0.052691	0.000000
0.050000	0.052018	0.000000
0.050000	0.051507	0.000000
0.050000	0.051122	0.000000
0.050000	0.050833	0.000000
0.050000	0.050617	0.000000
0.050000	0.050456	0.000000
0.050000	0.050336	0.000000
0.050000	0.050248	0.000000
0.050000	0.050183	0.000000
0.050000	0.050135	0.000000
0.050000	0.050100	0.000000
0.050000	0.050074	0.000000
0.050000	0.050055	0.000000
0.050000	0.050041	0.000000
0.050000	0.050031	0.000000
0.050000	0.050024	0.000000
0.050000	0.050018	0.000000
0.050000	0.050014	0.000000
0.050000	0.050011	0.000000
0.050000	0.050009	0.000000
0.050000	0.050007	0.000000
0.050000	0.050006	0.000000
0.050000	0.050005	0.000000
0.050000	0.050004	0.000000
0.050000	0.050003	0.000000
0.050000	0.050003	0.000000
0.050000	0.050003	0.000000
0.050000	0.050003	0.000000
0.050000	0.050002	0.000000
0.050000	0.050002	0.000000
0.060000	0.080037	0.058838
0.060000	0.977041	0.000000
0.060000	0.835117	0.000000
0.060000	0.712477	0.000000
0.060000	0.607016	0.000000
0.060000	0.516737	0.000000
0.060000	0.439777	0.000000
0.060000	0.374426	0.000000
0.060000	0.319143	0.000000
0.060000	0.272552	0.000000
0.060000	0.233438	0.000000
0.060000	0.200738	0.000000
0.060000	0.173525	0.000000
0.060000	0.151000	0.000000
0.060000	0.132480	0.000000
0.060000	0.117377	0.000000
0.060000	0.105173	0.000000
0.060000	0.095394	0.000000
0.060000	0.087612	0.000000
0.060000	0.081449	0.000000
0.060000	0.076590	0.000000
0.060000	0.072775	0.000000
0.060000	0.069791	0.000000
0.060000	0.067470	0.000000
0.060000	0.065673	0.000000
0.060000	0.064289	0.000000
0.060000	0.063229	0.000000
0.060000	0.062421	0.000000
0.060000	0.061808	0.000000
0.060000	0.061346	0.000000
0.060000	0.060999	0.000000
0.060000	0.060740	0.000000
0.060000	0.060547	0.000000
0.060000	0.060404	0.000000
0.060000	0.060298	0.000000
0.060000	0.060220	0.000000
0.060000	0.060162	0.000000
0.060000	0.060120	0.000000
0.060000	0.060089	0.000000
0.060000	0.060066	0.000000
0.060000	0.060050	0.000000
0.060000	0.060037	0.000000
0.060000	0.060028	0.000000
0.060000	0.060022	0.000000
0.060000	0.060017	0.000000
0.060000	0.060013	0.000000
0.060000	0.060010	0.000000
0.060000	0.060008	0.000000
0.060000	0.060007	0.000000
0.060000	0.060006	0.000000
0.060000	0.060005	0.000000
0.060000	0.060004	0.000000
0.060000	0.060004	0.000000
0.060000	0.060003	0.000000
0.060000	0.060003	0.000000
0.060000	0.060003	0.000000
0.060000	0.060003	0.000000
0.070000	0.094053	0.069421
0.070000	0.981022	0.000000
0.070000	0.836519	0.000000
0.070000	0.712209	0.000000
0.070000	0.605809	0.000000
0.070000	0.515163	0.000000
0.070000	0.438266	0.000000
0.070000	0.373291	0.000000
0.070000	0.318598	0.000000
0.070000	0.272733	0.000000
0.070000	0.234426	0.000000
0.070000	0.202572	0.000000
0.070000	0.176226	0.000000
0.070000	0.154578	0.000000
0.070000	0.136937	0.000000
0.070000	0.122690	0.000000
0.070000	0.111281	0.000000
0.070000	0.102203	0.000000
0.070000	0.095017	0.000000
0.070000	0.089350	0.000000
0.070000	0.084900	0.000000
0.070000	0.081421	0.000000
0.070000	0.078713	0.000000
0.070000	0.076617	0.000000
0.070000	0.075003	0.000000
0.070000	0.073766	0.000000
0.070000	0.072824	0.000000
0.070000	0.072109	0.000000
0.070000	0.071570	0.000000
0.070000	0.071166	0.000000
0.070000	0.070863	0.000000
0.070000	0.070638	0.000000
0.070000	0.070471	0.000000
0.070000	0.070347	0.000000
0.070000	0.070256	0.000000
0.070000	0.070189	0.000000
0.070000	0.070140	0.000000
0.070000	0.070104	0.000000
0.070000	0.070077	0.000000
0.070000	0.070058	0.000000
0.070000	0.070044	0.000000
0.070000	0.070033	0.000000
0.070000	0.070025	0.000000
0.070000	0.070020	0.000000
0.070000	0.070015	0.000000
0.070000	0.070012	0.000000
0.070000	0.070010	0.000000
0.070000	0.070008	0.000000
0.070000	0.070007	0.000000
0.070000	0.070006	0.000000
0.070000	0.070005	0.000000
0.070000	0.070004	0.000000
0.070000	0.070004	0.000000
0.070000	0.070004	0.000000
0.070000	0.070003	0.000000
0.070000	0.070003	0.000000
0.080000	0.108449	0.080370
0.080000	0.961896	0.000000
0.080000	0.818564	0.000000
0.080000	0.695839	0.000000
0.080000	0.591296	0.000000
0.080000	0.502661	0.000000
0.080000	0.427832	0.000000
0.080000	0.364910	0.000000
0.080000	0.312200	0.000000
0.080000	0.268218	0.000000
0.080000	0.231678	0.000000
0.080000	0.201479	0.000000
0.080000	0.176685	0.000000
0.080000	0.156496	0.000000
0.080000	0.140203	0.000000
0.080000	0.127162	0.000000
0.080000	0.116791	0.000000
0.080000	0.108580	0.000000
0.080000	0.102107	0.000000
0.080000	0.097023	0.000000
0.080000	0.093049	0.000000
0.080000	0.089956	0.000000
0.080000	0.087561	0.000000
0.080000	0.085717	0.000000
0.080000	0.084304	0.000000
0.080000	0.083227	0.000000
0.080000	0.082410	0.000000
0.080000	0.081795	0.000000
0.080000	0.081332	0.000000
0.080000	0.080986	0.000000
0.080000	0.080729	0.000000
0.080000	0.080538	0.000000
0.080000	0.080397	0.000000
0.080000	0.080293	0.000000
0.080000	0.080216	0.000000
0.080000	0.080160	0.000000
0.080000	0.080119	0.000000
0.080000	0.080088	0.000000
0.080000	0.080066	0.000000
0.080000	0.080050	0.000000
0.080000	0.080038	0.000000
0.080000	0.080029	0.000000
0.080000	0.080022	0.000000
0.080000	0.080017	0.000000
0.080000	0.080014	0.000000
0.080000	0.080011	0.000000
0.080000	0.080009	0.000000
0.080000	0.080008	0.000000
0.080000	0.080006	0.000000
0.080000	0.080005	0.000000
0.080000	0.080005	0.000000
0.080000	0.080004	0.000000
0.080000	0.080004	0.000000
0.080000	0.080004	0.000000
0.080000	0.080004	0.000000
0.090000	0.123336	0.091737
0.090000	0.925959	0.000000
0.090000	0.786769	0.000000
0.090000	0.668166	0.000000
0.090000	0.567624	0.000000
0.090000	0.482790	0.000000
0.090000	0.411512	0.000000
0.090000	0.351858	0.000000
0.090000	0.302129	0.000000
0.090000	0.260851	0.000000
0.090000	0.226764	0.000000
0.090000	0.198802	0.000000
0.090000	0.176053	0.000000
0.090000	0.157710	0.000000
0.090000	0.143037	0.000000
0.090000	0.131373	0.000000
0.090000	0.122140	0.000000
0.090000	0.114861	0.000000
0.090000	0.109145	0.000000
0.090000	0.104675	0.000000
0.090000	0.101197	0.000000
0.090000	0.098504	0.000000
0.090000	0.096430	0.000000
0.090000	0.094841	0.000000
0.090000	0.093629	0.000000
0.090000	0.092711	0.000000
0.090000	0.092018	0.000000
0.090000	0.091498	0.000000
0.090000	0.091110	0.000000
0.090000	0.090820	0.000000
0.090000	0.090605	0.000000
0.090000	0.090447	0.000000
0.090000	0.090329	0.000000
0.090000	0.090243	0.000000
0.090000	0.090180	0.000000
0.090000	0.090134	0.000000
0.090000	0.090099	0.000000
0.090000	0.090074	0.000000
0.090000	0.090056	0.000000
0.090000	0.090043	0.000000
0.090000	0.090033	0.000000
0.090000	0.090025	0.000000
0.090000	0.090020	0.000000
0.090000	0.090016	0.000000
0.090000	0.090013	0.000000
0.090000	0.090010	0.000000
0.090000	0.090008	0.000000
0.090000	0.090007	0.000000
0.090000	0.090006	0.000000
0.090000	0.090005	0.000000
0.090000	0.090005	0.000000
0.090000	0.090005	0.000000
0.090000	0.090004	0.000000
0.090000	0.090004	0.000000
0.100000	0.138854	0.103562
0.100000	0.878521	0.000000
0.100000	0.745741	0.000000
0.100000	0.633157	0.000000
0.100000	0.538181	0.000000
0.100000	0.458424	0.000000
0.100000	0.391727	0.000000
0.100000	0.336173	0.000000
0.100000	0.290099	0.000000
0.100000	0.252085	0.000000
0.100000	0.220930	0.000000
0.100000	0.195608	0.000000
0.100000	0.175210	0.000000
0.100000	0.158905	0.000000
0.100000	0.145949	0.000000
0.100000	0.135696	0.000000
0.100000	0.127612	0.000000
0.100000	0.121264	0.000000
0.100000	0.116300	0.000000
0.100000	0.112437	0.000000
0.100000	0.109446	0.000000
0.100000	0.107142	0.000000
0.100000	0.105377	0.000000
0.100000	0.104032	0.000000
0.100000	0.103012	0.000000
0.100000	0.102242	0.000000
0.100000	0.101665	0.000000
0.100000	0.101233	0.000000
0.100000	0.100911	0.000000
0.100000	0.100672	0.000000
0.100000	0.100496	0.000000
0.100000	0.100366	0.000000
0.100000	0.100270	0.000000
0.100000	0.100200	0.000000
0.100000	0.100148	0.000000
0.100000	0.100111	0.000000
0.100000	0.100083	0.000000
0.100000	0.100062	0.000000
0.100000	0.100047	0.000000
0.100000	0.100036	0.000000
0.100000	0.100028	0.000000
0.100000	0.100022	0.000000
0.100000	0.100017	0.000000
0.100000	0.100014	0.000000
0.100000	0.100011	0.000000
0.100000	0.100009	0.000000
0.100000	0.100008	0.000000
0.100000	0.100007	0.000000
0.100000	0.100006	0.000000
0.100000	0.100005	0.000000
0.100000	0.100005	0.000000
0.100000	0.100005	0.000000
0.100000	0.100005	0.000000
0.110000	0.155179	0.115865
0.110000	0.971008	0.000000
0.110000	0.823974	0.000000
0.110000	0.699245	0.000000
0.110000	0.594011	0.000000
0.110000	0.505664	0.000000
0.110000	0.431822	0.000000
0.110000	0.370362	0.000000
0.110000	0.319432	0.000000
0.110000	0.277447	0.000000
0.110000	0.243071	0.000000
0.110000	0.215162	0.000000
0.110000	0.192703	0.000000
0.110000	0.174766	0.000000
0.110000	0.160518	0.000000
0.110000	0.149246	0.000000
0.110000	0.140360	0.000000
0.110000	0.133381	0.000000
0.110000	0.127924	0.000000
0.110000	0.123676	0.000000
0.110000	0.120387	0.000000
0.110000	0.117854	0.000000
0.110000	0.115913	0.000000
0.110000	0.114434	0.000000
0.110000	0.113312	0.000000
0.110000	0.112466	0.000000
0.110000	0.111831	0.000000
0.110000	0.111356	0.000000
0.110000	0.111002	0.000000
0.110000	0.110740	0.000000
0.110000	0.110546	0.000000
0.110000	0.110403	0.000000
0.110000	0.110297	0.000000
0.110000	0.110220	0.000000
0.110000	0.110163	0.000000
0.110000	0.110122	0.000000
0.110000	0.110091	0.000000
0.110000	0.110069	0.000000
0.110000	0.110052	0.000000
0.110000	0.110040	0.000000
0.110000	0.110031	0.000000
0.110000	0.110024	0.000000
0.110000	0.110019	0.000000
0.110000	0.110015	0.000000
0.110000	0.110012	0.000000
0.110000	0.110010	0.000000
0.110000	0.110009	0.000000
0.110000	0.110008	0.000000
0.110000	0.110007	0.000000
0.110000	0.110006	0.000000
0.110000	0.110006	0.000000
0.110000	0.110005	0.000000
0.110000	0.110005	0.000000
0.120000	0.172521	0.128625
0.120000	0.902809	0.000000
0.120000	0.765863	0.000000
0.120000	0.650280	0.000000
0.120000	0.553241	0.000000
0.120000	0.472160	0.000000
0.120000	0.404712	0.000000
0.120000	0.348859	0.000000
0.120000	0.302855	0.000000
0.120000	0.265227	0.000000
0.120000	0.234713	0.000000
0.120000	0.210187	0.000000
0.120000	0.190617	0.000000
0.120000	0.175081	0.000000
0.120000	0.162791	0.000000
0.120000	0.153104	0.000000
0.120000	0.145495	0.000000
0.120000	0.139545	0.000000
0.120000	0.134914	0.000000
0.120000	0.131328	0.000000
0.120000	0.128565	0.000000
0.120000	0.126449	0.000000
0.120000	0.124836	0.000000
0.120000	0.123612	0.000000
0.120000	0.122690	0.000000
0.120000	0.121997	0.000000
0.120000	0.121479	0.000000
0.120000	0.121093	0.000000
0.120000	0.120807	0.000000
0.120000	0.120595	0.000000
0.120000	0.120439	0.000000
0.120000	0.120324	0.000000
0.120000	0.120240	0.000000
0.120000	0.120178	0.000000
0.120000	0.120133	0.000000
0.120000	0.120099	0.000000
0.120000	0.120075	0.000000
0.120000	0.120057	0.000000
0.120000	0.120043	0.000000
0.120000	0.120034	0.000000
0.120000	0.120026	0.000000
0.120000	0.120021	0.000000
0.120000	0.120017	0.000000
0.120000	0.120014	0.000000
0.120000	0.120011	0.000000
0.120000	0.120010	0.000000
0.120000	0.120008	0.000000
0.120000	0.120007	0.000000
0.120000	0.120007	0.000000
0.120000	0.120006	0.000000
0.120000	0.120006	0.000000
0.120000	0.120006	0.000000
0.130000	0.191126	0.141761
0.130000	0.982190	0.000000
0.130000	0.832981	0.000000
0.130000	0.706977	0.000000
0.130000	0.601162	0.000000
0.130000	0.512753	0.000000
0.130000	0.439234	0.000000
0.130000	0.378389	0.000000
0.130000	0.328313	0.000000
0.130000	0.287398	0.000000
0.130000	0.254262	0.000000
0.130000	0.227663	0.000000
0.130000	0.206459	0.000000
0.130000	0.189635	0.000000
0.130000	0.176331	0.000000
0.130000	0.165843	0.000000
0.130000	0.157606	0.000000
0.130000	0.151165	0.000000
0.130000	0.146150	0.000000
0.130000	0.142267	0.000000
0.130000	0.139276	0.000000
0.130000	0.136984	0.000000
0.130000	0.135237	0.000000
0.130000	0.133912	0.000000
0.130000	0.132913	0.000000
0.130000	0.132162	0.000000
0.130000	0.131601	0.000000
0.130000	0.131184	0.000000
0.130000	0.130874	0.000000
0.130000	0.130645	0.000000
0.130000	0.130476	0.000000
0.130000	0.130351	0.000000
0.130000	0.130260	0.000000
0.130000	0.130193	0.000000
0.130000	0.130144	0.000000
0.130000	0.130108	0.000000
0.130000	0.130081	0.000000
0.130000	0.130061	0.000000
0.130000	0.130047	0.000000
0.130000	0.130036	0.000000
0.130000	0.130028	0.000000
0.130000	0.130022	0.000000
0.130000	0.130018	0.000000
0.130000	0.130015	0.000000
0.130000	0.130012	0.000000
0.130000	0.130010	0.000000
0.130000	0.130009	0.000000
0.130000	0.130008	0.000000
0.130000	0.130007	0.000000
0.130000	0.130007	0.000000
0.130000	0.130006	0.000000
0.130000	0.130006	0.000000
0.140000	0.211246	0.155107
0.140000	0.900559	0.000000
0.140000	0.764088	0.000000
0.140000	0.649428	0.000000
0.140000	0.553611	0.000000
0.140000	0.473942	0.000000
0.140000	0.408033	0.000000
0.140000	0.353828	0.000000
0.140000	0.309587	0.000000
0.140000	0.273808	0.000000
0.140000	0.245129	0.000000
0.140000	0.222291	0.000000
0.140000	0.204182	0.000000
0.140000	0.189864	0.000000
0.140000	0.178578	0.000000
0.140000	0.169715	0.000000
0.140000	0.162782	0.000000
0.140000	0.157385	0.000000
0.140000	0.153206	0.000000
0.140000	0.149986	0.000000
0.140000	0.147519	0.000000
0.140000	0.145638	0.000000
0.140000	0.144212	0.000000
0.140000	0.143136	0.000000
0.140000	0.142328	0.000000
0.140000	0.141724	0.000000
0.140000	0.141274	0.000000
0.140000	0.140941	0.000000
0.140000	0.140694	0.000000
0.140000	0.140512	0.000000
0.140000	0.140378	0.000000
0.140000	0.140280	0.000000
0.140000	0.140208	0.000000
0.140000	0.140155	0.000000
0.140000	0.140116	0.000000
0.140000	0.140087	0.000000
0.140000	0.140066	0.000000
0.140000	0.140051	0.000000
0.140000	0.140039	0.000000
0.140000	0.140031	0.000000
0.140000	0.140024	0.000000
0.140000	0.140019	0.000000
0.140000	0.140016	0.000000
0.140000	0.140013	0.000000
0.140000	0.140011	0.000000
0.140000	0.140010	0.000000
0.140000	0.140008	0.000000
0.140000	0.140008	0.000000
0.140000	0.140007	0.000000
0.140000	0.140007	0.000000
0.140000	0.140006	0.000000
0.150000	0.233114	0.168401
0.150000	0.968559	0.000000
0.150000	0.821593	0.000000
0.150000	0.698037	0.000000
0.150000	0.594744	0.000000
0.150000	0.508849	0.000000
0.150000	0.437802	0.000000
0.150000	0.379405	0.000000
0.150000	0.331796	0.000000
0.150000	0.293352	0.000000
0.150000	0.262584	0.000000
0.150000	0.238112	0.000000
0.150000	0.218719	0.000000
0.150000	0.203391	0.000000
0.150000	0.191309	0.000000
0.150000	0.181819	0.000000
0.150000	0.174397	0.000000
0.150000	0.168618	0.000000
0.150000	0.164143	0.000000
0.150000	0.160695	0.000000
0.150000	0.158053	0.000000
0.150000	0.156039	0.000000
0.150000	0.154511	0.000000
0.150000	0.153359	0.000000
0.150000	0.152494	0.000000
0.150000	0.151847	0.000000
0.150000	0.151365	0.000000
0.150000	0.151008	0.000000
0.150000	0.150743	0.000000
0.150000	0.150549	0.000000
0.150000	0.150405	0.000000
0.150000	0.150300	0.000000
0.150000	0.150222	0.000000
0.150000	0.150166	0.000000
0.150000	0.150124	0.000000
0.150000	0.150093	0.000000
0.150000	0.150071	0.000000
0.150000	0.150054	0.000000
0.150000	0.150042	0.000000
0.150000	0.150033	0.000000
0.150000	0.150026	0.000000
0.150000	0.150021	0.000000
0.150000	0.150017	0.000000
0.150000	0.150014	0.000000
0.150000	0.150012	0.000000
0.150000	0.150010	0.000000
0.150000	0.150009	0.000000
0.150000	0.150008	0.000000
0.150000	0.150008	0.000000
0.150000	0.150007	0.000000
0.150000	0.150007	0.000000
0.160000	0.256909	0.181289
0.160000	0.879465	0.000000
0.160000	0.746981	0.000000
0.160000	0.636157	0.000000
0.160000	0.543965	0.000000
0.160000	0.467706	0.000000
0.160000	0.405052	0.000000
0.160000	0.354026	0.000000
0.160000	0.312892	0.000000
0.160000	0.280028	0.000000
0.160000	0.253922	0.000000
0.160000	0.233247	0.000000
0.160000	0.216911	0.000000
0.160000	0.204035	0.000000
0.160000	0.193921	0.000000
0.160000	0.186009	0.000000
0.160000	0.179850	0.000000
0.160000	0.175079	0.000000
0.160000	0.171403	0.000000
0.160000	0.168586	0.000000
0.160000	0.166439	0.000000
0.160000	0.164811	0.000000
0.160000	0.163582	0.000000
0.160000	0.162659	0.000000
0.160000	0.161969	0.000000
0.160000	0.161456	0.000000
0.160000	0.161075	0.000000
0.160000	0.160793	0.000000
0.160000	0.160585	0.000000
0.160000	0.160432	0.000000
0.160000	0.160320	0.000000
0.160000	0.160237	0.000000
0.160000	0.160177	0.000000
0.160000	0.160132	0.000000
0.160000	0.160100	0.000000
0.160000	0.160076	0.000000
0.160000	0.160058	0.000000
0.160000	0.160045	0.000000
0.160000	0.160035	0.000000
0.160000	0.160028	0.000000
0.160000	0.160022	0.000000
0.160000	0.160018	0.000000
0.160000	0.160015	0.000000
0.160000	0.160013	0.000000
0.160000	0.160011	0.000000
0.160000	0.160010	0.000000
0.160000	0.160009	0.000000
0.160000	0.160008	0.000000
0.160000	0.160008	0.000000
0.160000	0.160007	0.000000
0.170000	0.282724	0.193330
0.170000	0.937678	0.000000
0.170000	0.796247	0.000000
0.170000	0.677853	0.000000
0.170000	0.579303	0.000000
0.170000	0.497759	0.000000
0.170000	0.430777	0.000000
0.170000	0.376281	0.000000
0.170000	0.332429	0.000000
0.170000	0.297459	0.000000
0.170000	0.269719	0.000000
0.170000	0.247765	0.000000
0.170000	0.230423	0.000000
0.170000	0.216755	0.000000
0.170000	0.206018	0.000000
0.170000	0.197619	0.000000
0.170000	0.191080	0.000000
0.170000	0.186014	0.000000
0.170000	0.182111	0.000000
0.170000	0.179119	0.000000
0.170000	0.176839	0.000000
0.170000	0.175109	0.000000
0.170000	0.173805	0.000000
0.170000	0.172825	0.000000
0.170000	0.172092	0.000000
0.170000	0.171546	0.000000
0.170000	0.171142	0.000000
0.170000	0.170842	0.000000
0.170000	0.170622	0.000000
0.170000	0.170459	0.000000
0.170000	0.170340	0.000000
0.170000	0.170252	0.000000
0.170000	0.170188	0.000000
0.170000	0.170141	0.000000
0.170000	0.170106	0.000000
0.170000	0.170080	0.000000
0.170000	0.170061	0.000000
0.170000	0.170048	0.000000
0.170000	0.170037	0.000000
0.170000	0.170029	0.000000
0.170000	0.170024	0.000000
0.170000	0.170019	0.000000
0.170000	0.170016	0.000000
0.170000	0.170014	0.000000
0.170000	0.170012	0.000000
0.170000	0.170010	0.000000
0.170000	0.170009	0.000000
0.170000	0.170009	0.000000
0.170000	0.170008	0.000000
0.170000	0.170008	0.000000
0.180000	0.310526	0.203998
0.180000	0.996201	0.000000
0.180000	0.845819	0.000000
0.180000	0.719829	0.000000
0.180000	0.614872	0.000000
0.180000	0.527973	0.000000
0.180000	0.456587	0.000000
0.180000	0.398563	0.000000
0.180000	0.351961	0.000000
0.180000	0.314877	0.000000
0.180000	0.285502	0.000000
0.180000	0.262273	0.000000
0.180000	0.243928	0.000000
0.180000	0.229470	0.000000
0.180000	0.218112	0.000000
0.180000	0.209227	0.000000
0.180000	0.202307	0.000000
0.180000	0.196947	0.000000
0.180000	0.192817	0.000000
0.180000	0.189651	0.000000
0.180000	0.187238	0.000000
0.180000	0.185408	0.000000
0.180000	0.184027	0.000000
0.180000	0.182990	0.000000
0.180000	0.182214	0.000000
0.180000	0.181637	0.000000
0.180000	0.181208	0.000000
0.180000	0.180892	0.000000
0.180000	0.180658	0.000000
0.180000	0.180486	0.000000
0.180000	0.180360	0.000000
0.180000	0.180267	0.000000
0.180000	0.180199	0.000000
0.180000	0.180149	0.000000
0.180000	0.180112	0.000000
0.180000	0.180085	0.000000
0.180000	0.180065	0.000000
0.180000	0.180050	0.000000
0.180000	0.180039	0.000000
0.180000	0.180031	0.000000
0.180000	0.180025	0.000000
0.180000	0.180020	0.000000
0.180000	0.180017	0.000000
0.180000	0.180014	0.000000
0.180000	0.180012	0.000000
0.180000	0.180011	0.000000
0.180000	0.180010	0.000000
0.180000	0.180009	0.000000
0.180000	0.180009	0.000000
0.180000	0.180008	0.000000
0.190000	0.340079	0.212723
0.190000	0.895680	0.000000
0.190000	0.762081	0.000000
0.190000	0.650679	0.000000
0.190000	0.558361	0.000000
0.190000	0.482493	0.000000
0.190000	0.420876	0.000000
0.190000	0.371490	0.000000
0.190000	0.332281	0.000000
0.190000	0.301272	0.000000
0.190000	0.276770	0.000000
0.190000	0.257425	0.000000
0.190000	0.242179	0.000000
0.190000	0.230202	0.000000
0.190000	0.220831	0.000000
0.190000	0.213533	0.000000
0.190000	0.207879	0.000000
0.190000	0.203522	0.000000
0.190000	0.200183	0.000000
0.190000	0.197637	0.000000
0.190000	0.195706	0.000000
0.190000	0.194249	0.000000
0.190000	0.193155	0.000000
0.190000	0.192337	0.000000
0.190000	0.191727	0.000000
0.190000	0.191275	0.000000
0.190000	0.190941	0.000000
0.190000	0.190694	0.000000
0.190000	0.190513	0.000000
0.190000	0.190380	0.000000
0.190000	0.190282	0.000000
0.190000	0.190210	0.000000
0.190000	0.190157	0.000000
0.190000	0.190118	0.000000
0.190000	0.190090	0.000000
0.190000	0.190069	0.000000
0.190000	0.190053	0.000000
0.190000	0.190042	0.000000
0.190000	0.190033	0.000000
0.190000	0.190026	0.000000
0.190000	0.190022	0.000000
0.190000	0.190018	0.000000
0.190000	0.190015	0.000000
0.190000	0.190013	0.000000
0.190000	0.190012	0.000000
0.190000	0.190010	0.000000
0.190000	0.190010	0.000000
0.190000	0.190009	0.000000
0.190000	0.190009	0.000000
0.200000	0.370886	0.219009
0.200000	0.945806	0.000000
0.200000	0.804601	0.000000
0.200000	0.686730	0.000000
0.200000	0.588936	0.000000
0.200000	0.508506	0.000000
0.200000	0.443222	0.000000
0.200000	0.391014	0.000000
0.200000	0.349669	0.000000
0.200000	0.317027	0.000000
0.200000	0.291255	0.000000
0.200000	0.270913	0.000000
0.200000	0.254883	0.000000
0.200000	0.242288	0.000000
0.200000	0.232432	0.000000
0.200000	0.224757	0.000000
0.200000	0.218810	0.000000
0.200000	0.214227	0.000000
0.200000	0.210714	0.000000
0.200000	0.208035	0.000000
0.200000	0.206004	0.000000
0.200000	0.204471	0.000000
0.200000	0.203320	0.000000
0.200000	0.202459	0.000000
0.200000	0.201818	0.000000
0.200000	0.201342	0.000000
0.200000	0.200990	0.000000
0.200000	0.200731	0.000000
0.200000	0.200540	0.000000
0.200000	0.200399	0.000000
0.200000	0.200296	0.000000
0.200000	0.200221	0.000000
0.200000	0.200165	0.000000
0.200000	0.200125	0.000000
0.200000	0.200094	0.000000
0.200000	0.200072	0.000000
0.200000	0.200056	0.000000
0.200000	0.200044	0.000000
0.200000	0.200035	0.000000
0.200000	0.200028	0.000000
0.200000	0.200023	0.000000
0.200000	0.200019	0.000000
0.200000	0.200016	0.000000
0.200000	0.200014	0.000000
0.200000	0.200012	0.000000
0.200000	0.200011	0.000000
0.200000	0.200010	0.000000
0.200000	0.200010	0.000000
0.200000	0.200009	0.000000
0.210000	0.402246	0.222612
0.210000	0.996176	0.000000
0.210000	0.847377	0.000000
0.210000	0.723028	0.000000
0.210000	0.619712	0.000000
0.210000	0.534637	0.000000
0.210000	0.465607	0.000000
0.210000	0.410533	0.000000
0.210000	0.367041	0.000000
0.210000	0.332766	0.000000
0.210000	0.305728	0.000000
0.210000	0.284393	0.000000
0.210000	0.267580	0.000000
0.210000	0.254369	0.000000
0.210000	0.244031	0.000000
0.210000	0.235979	0.000000
0.210000	0.229739	0.000000
0.210000	0.224930	0.000000
0.210000	0.221244	0.000000
0.210000	0.218433	0.000000
0.210000	0.216301	0.000000
0.210000	0.214693	0.000000
0.210000	0.213484	0.000000
0.210000	0.212581	0.000000
0.210000	0.211908	0.000000
0.210000	0.211409	0.000000
0.210000	0.211039	0.000000
0.210000	0.210767	0.000000
0.210000	0.210567	0.000000
0.210000	0.210419	0.000000
0.210000	0.210311	0.000000
0.210000	0.210232	0.000000
0.210000	0.210174	0.000000
0.210000	0.210131	0.000000
0.210000	0.210099	0.000000
0.210000	0.210076	0.000000
0.210000	0.210059	0.000000
0.210000	0.210046	0.000000
0.210000	0.210036	0.000000
0.210000	0.210029	0.000000
0.210000	0.210024	0.000000
0.210000	0.210020	0.000000
0.210000	0.210017	0.000000
0.210000	0.210014	0.000000
0.210000	0.210013	0.000000
0.210000	0.210011	0.000000
0.210000	0.210011	0.000000
0.210000	0.210010	0.000000
0.210000	0.210010	0.000000
0.220000	0.433446	0.223618
0.220000	0.890393	0.000000
0.220000	0.759571	0.000000
0.220000	0.650701	0.000000
0.220000	0.560902	0.000000
0.220000	0.488035	0.000000
0.220000	0.430046	0.000000
0.220000	0.384394	0.000000
0.220000	0.348488	0.000000
0.220000	0.320189	0.000000
0.220000	0.297863	0.000000
0.220000	0.280271	0.000000
0.220000	0.266446	0.000000
0.220000	0.255626	0.000000
0.220000	0.247198	0.000000
0.220000	0.240667	0.000000
0.220000	0.235632	0.000000
0.220000	0.231773	0.000000
0.220000	0.228830	0.000000
0.220000	0.226598	0.000000
0.220000	0.224914	0.000000
0.220000	0.223649	0.000000
0.220000	0.222703	0.000000
0.220000	0.221998	0.000000
0.220000	0.221475	0.000000
0.220000	0.221089	0.000000
0.220000	0.220803	0.000000
0.220000	0.220593	0.000000
0.220000	0.220439	0.000000
0.220000	0.220326	0.000000
0.220000	0.220243	0.000000
0.220000	0.220182	0.000000
0.220000	0.220137	0.000000
0.220000	0.220104	0.000000
0.220000	0.220080	0.000000
0.220000	0.220061	0.000000
0.220000	0.220048	0.000000
0.220000	0.220038	0.000000
0.220000	0.220031	0.000000
0.220000	0.220025	0.000000
0.220000	0.220021	0.000000
0.220000	0.220018	0.000000
0.220000	0.220015	0.000000
0.220000	0.220013	0.000000
0.220000	0.220012	0.000000
0.220000	0.220011	0.000000
0.220000	0.220010	0.000000
0.220000	0.220010	0.000000
0.230000	0.463945	0.222364
0.230000	0.933634	0.000000
0.230000	0.796356	0.000000
0.230000	0.681914	0.000000
0.230000	0.587316	0.000000
0.230000	0.510513	0.000000
0.230000	0.449553	0.000000
0.230000	0.401728	0.000000
0.230000	0.364193	0.000000
0.230000	0.334636	0.000000
0.230000	0.311325	0.000000
0.230000	0.292955	0.000000
0.230000	0.278518	0.000000
0.230000	0.267218	0.000000
0.230000	0.258415	0.000000
0.230000	0.251593	0.000000
0.230000	0.246333	0.000000
0.230000	0.242302	0.000000
0.230000	0.239227	0.000000
0.230000	0.236895	0.000000
0.230000	0.235135	0.000000
0.230000	0.233813	0.000000
0.230000	0.232824	0.000000
0.230000	0.232088	0.000000
0.230000	0.231542	0.000000
0.230000	0.231138	0.000000
0.230000	0.230840	0.000000
0.230000	0.230620	0.000000
0.230000	0.230459	0.000000
0.230000	0.230341	0.000000
0.230000	0.230254	0.000000
0.230000	0.230190	0.000000
0.230000	0.230143	0.000000
0.230000	0.230109	0.000000
0.230000	0.230083	0.000000
0.230000	0.230064	0.000000
0.230000	0.230050	0.000000
0.230000	0.230040	0.000000
0.230000	0.230032	0.000000
0.230000	0.230026	0.000000
0.230000	0.230022	0.000000
0.230000	0.230018	0.000000
0.230000	0.230016	0.000000
0.230000	0.230014	0.000000
0.230000	0.230013	0.000000
0.230000	0.230012	0.000000
0.230000	0.230011	0.000000
0.230000	0.230011	0.000000
0.240000	0.493430	0.219278
0.240000	0.977079	0.000000
0.240000	0.833375	0.000000
0.240000	0.713362	0.000000
0.240000	0.613895	0.000000
0.240000	0.533047	0.000000
0.240000	0.469052	0.000000
0.240000	0.419041	0.000000
0.240000	0.379880	0.000000
0.240000	0.349070	0.000000
0.240000	0.324777	0.000000
0.240000	0.305632	0.000000
0.240000	0.290586	0.000000
0.240000	0.278807	0.000000
0.240000	0.269630	0.000000
0.240000	0.262517	0.000000
0.240000	0.257033	0.000000
0.240000	0.252829	0.000000
0.240000	0.249623	0.000000
0.240000	0.247191	0.000000
0.240000	0.245356	0.000000
0.240000	0.243977	0.000000
0.240000	0.242946	0.000000
0.240000	0.242178	0.000000
0.240000	0.241608	0.000000
0.240000	0.241187	0.000000
0.240000	0.240876	0.000000
0.240000	0.240647	0.000000
0.240000	0.240479	0.000000
0.240000	0.240355	0.000000
0.240000	0.240265	0.000000
0.240000	0.240198	0.000000
0.240000	0.240149	0.000000
0.240000	0.240113	0.000000
0.240000	0.240087	0.000000
0.240000	0.240067	0.000000
0.240000	0.240052	0.000000
0.240000	0.240042	0.000000
0.240000	0.240033	0.000000
0.240000	0.240027	0.000000
0.240000	0.240023	0.000000
0.240000	0.240019	0.000000
0.240000	0.240016	0.000000
0.240000	0.240015	0.000000
0.240000	0.240013	0.000000
0.240000	0.240012	0.000000
0.240000	0.240011	0.000000
0.240000	0.240011	0.000000
0.250000	0.521773	0.214766
0.250000	0.870616	0.000000
0.250000	0.745049	0.000000
0.250000	0.640661	0.000000
0.250000	0.555646	0.000000
0.250000	0.488544	0.000000
0.250000	0.436332	0.000000
0.250000	0.395548	0.000000
0.250000	0.363490	0.000000
0.250000	0.338219	0.000000
0.250000	0.318303	0.000000
0.250000	0.302649	0.000000
0.250000	0.290393	0.000000
0.250000	0.280842	0.000000
0.250000	0.273439	0.000000
0.250000	0.267732	0.000000
0.250000	0.263356	0.000000
0.250000	0.260019	0.000000
0.250000	0.257487	0.000000
0.250000	0.255576	0.000000
0.250000	0.254141	0.000000
0.250000	0.253067	0.000000
0.250000	0.252268	0.000000
0.250000	0.251675	0.000000
0.250000	0.251236	0.000000
0.250000	0.250912	0.000000
0.250000	0.250674	0.000000
0.250000	0.250499	0.000000
0.250000	0.250370	0.000000
0.250000	0.250276	0.000000
0.250000	0.250206	0.000000
0.250000	0.250156	0.000000
0.250000	0.250118	0.000000
0.250000	0.250090	0.000000
0.250000	0.250070	0.000000
0.250000	0.250055	0.000000
0.250000	0.250043	0.000000
0.250000	0.250035	0.000000
0.250000	0.250028	0.000000
0.250000	0.250024	0.000000
0.250000	0.250020	0.000000
0.250000	0.250017	0.000000
0.250000	0.250015	0.000000
0.250000	0.250014	0.000000
0.250000	0.250013	0.000000
0.250000	0.250012	0.000000
0.250000	0.250011	0.000000
0.260000	0.548962	0.209162
0.260000	0.908064	0.000000
0.260000	0.776980	0.000000
0.260000	0.667633	0.000000
0.260000	0.578321	0.000000
0.260000	0.508027	0.000000
0.260000	0.453599	0.000000
0.260000	0.411196	0.000000
0.260000	0.377896	0.000000
0.260000	0.351651	0.000000
0.260000	0.330967	0.000000
0.260000	0.314707	0.000000
0.260000	0.301974	0.000000
0.260000	0.292052	0.000000
0.260000	0.284360	0.000000
0.260000	0.278430	0.000000
0.260000	0.273882	0.000000
0.260000	0.270414	0.000000
0.260000	0.267782	0.000000
0.260000	0.265796	0.000000
0.260000	0.264304	0.000000
0.260000	0.263189	0.000000
0.260000	0.262358	0.000000
0.260000	0.261741	0.000000
0.260000	0.261285	0.000000
0.260000	0.260948	0.000000
0.260000	0.260701	0.000000
0.260000	0.260519	0.000000
0.260000	0.260385	0.000000
0.260000	0.260287	0.000000
0.260000	0.260215	0.000000
0.260000	0.260123	0.000000
0.260000	0.260162	0.000000
0.260000	0.260094	0.000000
0.260000	0.260073	0.000000
0.260000	0.260057	0.000000
0.260000	0.260045	0.000000
0.260000	0.260036	0.000000
0.260000	0.260029	0.000000
0.260000	0.260024	0.000000
0.260000	0.260021	0.000000
0.260000	0.260018	0.000000
0.260000	0.260016	0.000000
0.260000	0.260014	0.000000
0.260000	0.260013	0.000000
0.260000	0.260012	0.000000
0.260000	0.260012	0.000000
0.270000	0.575043	0.202726
0.270000	0.945701	0.000000
0.270000	0.809153	0.000000
0.270000	0.694833	0.000000
0.270000	0.601084	0.000000
0.270000	0.527499	0.000000
0.270000	0.470839	0.000000
0.270000	0.426823	0.000000
0.270000	0.392287	0.000000
0.270000	0.365072	0.000000
0.270000	0.343623	0.000000
0.270000	0.326759	0.000000
0.270000	0.313553	0.000000
0.270000	0.303260	0.000000
0.270000	0.295279	0.000000
0.270000	0.289126	0.000000
0.270000	0.284407	0.000000
0.270000	0.280808	0.000000
0.270000	0.278077	0.000000
0.270000	0.276016	0.000000
0.270000	0.274468	0.000000
0.270000	0.273310	0.000000
0.270000	0.272447	0.000000
0.270000	0.271807	0.000000
0.270000	0.271334	0.000000
0.270000	0.270984	0.000000
0.270000	0.270727	0.000000
0.270000	0.270538	0.000000
0.270000	0.270400	0.000000
0.270000	0.270298	0.000000
0.270000	0.270223	0.000000
0.270000	0.270168	0.000000
0.270000	0.270127	0.000000
0.270000	0.270075	0.000000
0.270000	0.270098	0.000000
0.270000	0.270059	0.000000
0.270000	0.270047	0.000000
0.270000	0.270038	0.000000
0.270000	0.270031	0.000000
0.270000	0.270025	0.000000
0.270000	0.270022	0.000000
0.270000	0.270019	0.000000
0.270000	0.270016	0.000000
0.270000	0.270015	0.000000
0.270000	0.270014	0.000000
0.270000	0.270013	0.000000
0.270000	0.270012	0.000000
0.280000	0.600089	0.195651
0.280000	0.983510	0.000000
0.280000	0.841560	0.000000
0.280000	0.722284	0.000000
0.280000	0.623951	0.000000
0.280000	0.546960	0.000000
0.280000	0.488052	0.000000
0.280000	0.442428	0.000000
0.280000	0.406663	0.000000
0.280000	0.378483	0.000000
0.280000	0.356272	0.000000
0.280000	0.338807	0.000000
0.280000	0.325127	0.000000
0.280000	0.314464	0.000000
0.280000	0.306196	0.000000
0.280000	0.299821	0.000000
0.280000	0.294931	0.000000
0.280000	0.291201	0.000000
0.280000	0.288372	0.000000
0.280000	0.286236	0.000000
0.280000	0.284631	0.000000
0.280000	0.283431	0.000000
0.280000	0.282537	0.000000
0.280000	0.281873	0.000000
0.280000	0.281383	0.000000
0.280000	0.281021	0.000000
0.280000	0.280754	0.000000
0.280000	0.280558	0.000000
0.280000	0.280414	0.000000
0.280000	0.280309	0.000000
0.280000	0.280231	0.000000
0.280000	0.280174	0.000000
0.280000	0.280132	0.000000
0.280000	0.280101	0.000000
0.280000	0.280078	0.000000
0.280000	0.280061	0.000000
0.280000	0.280048	0.000000
0.280000	0.280039	0.000000
0.280000	0.280032	0.000000
0.280000	0.280026	0.000000
0.280000	0.280022	0.000000
0.280000	0.280019	0.000000
0.280000	0.280017	0.000000
0.280000	0.280015	0.000000
0.280000	0.280014	0.000000
0.280000	0.280013	0.000000
0.280000	0.280013	0.000000
0.290000	0.624179	0.188084
0.290000	0.874191	0.000000
0.290000	0.750005	0.000000
0.290000	0.646942	0.000000
0.290000	0.566408	0.000000
0.290000	0.505233	0.000000
0.290000	0.458009	0.000000
0.290000	0.421023	0.000000
0.290000	0.391884	0.000000
0.290000	0.368914	0.000000
0.290000	0.350850	0.000000
0.290000	0.336698	0.000000
0.290000	0.325667	0.000000
0.290000	0.317112	0.000000
0.290000	0.310514	0.000000
0.290000	0.305454	0.000000
0.290000	0.301594	0.000000
0.290000	0.298666	0.000000
0.290000	0.296455	0.000000
0.290000	0.294794	0.000000
0.290000	0.293552	0.000000
0.290000	0.292626	0.000000
0.290000	0.291940	0.000000
0.290000	0.291432	0.000000
0.290000	0.291057	0.000000
0.290000	0.290781	0.000000
0.290000	0.290578	0.000000
0.290000	0.290429	0.000000
0.290000	0.290320	0.000000
0.290000	0.290239	0.000000
0.290000	0.290180	0.000000
0.290000	0.290137	0.000000
0.290000	0.290105	0.000000
0.290000	0.290081	0.000000
0.290000	0.290063	0.000000
0.290000	0.290050	0.000000
0.290000	0.290040	0.000000
0.290000	0.290033	0.000000
0.290000	0.290027	0.000000
0.290000	0.290023	0.000000
0.290000	0.290020	0.000000
0.290000	0.290018	0.000000
0.290000	0.290016	0.000000
0.290000	0.290015	0.000000
0.290000	0.290014	0.000000
0.290000	0.290013	0.000000
0.300000	0.647390	0.180135
0.300000	0.907028	0.000000
0.300000	0.778014	0.000000
0.300000	0.670082	0.000000
0.300000	0.585841	0.000000
0.300000	0.522382	0.000000
0.300000	0.473568	0.000000
0.300000	0.435367	0.000000
0.300000	0.405274	0.000000
0.300000	0.381548	0.000000
0.300000	0.362887	0.000000
0.300000	0.348266	0.000000
0.300000	0.336866	0.000000
0.300000	0.328025	0.000000
0.300000	0.321206	0.000000
0.300000	0.315976	0.000000
0.300000	0.311987	0.000000
0.300000	0.308959	0.000000
0.300000	0.306674	0.000000
0.300000	0.304957	0.000000
0.300000	0.303672	0.000000
0.300000	0.302716	0.000000
0.300000	0.302006	0.000000
0.300000	0.301480	0.000000
0.300000	0.301093	0.000000
0.300000	0.300807	0.000000
0.300000	0.300598	0.000000
0.300000	0.300444	0.000000
0.300000	0.300331	0.000000
0.300000	0.300248	0.000000
0.300000	0.300187	0.000000
0.300000	0.300142	0.000000
0.300000	0.300108	0.000000
0.300000	0.300084	0.000000
0.300000	0.300065	0.000000
0.300000	0.300052	0.000000
0.300000	0.300042	0.000000
0.300000	0.300034	0.000000
0.300000	0.300028	0.000000
0.300000	0.300024	0.000000
0.300000	0.300021	0.000000
0.300000	0.300018	0.000000
0.300000	0.300016	0.000000
0.300000	0.300015	0.000000
0.300000	0.300014	0.000000
0.300000	0.300014	0.000000
0.310000	0.669794	0.171887
0.310000	0.940051	0.000000
0.310000	0.806322	0.000000
0.310000	0.693401	0.000000
0.310000	0.605256	0.000000
0.310000	0.539495	0.000000
0.310000	0.489101	0.000000
0.310000	0.449695	0.000000
0.310000	0.418652	0.000000
0.310000	0.394175	0.000000
0.310000	0.374919	0.000000
0.310000	0.359829	0.000000
0.310000	0.348063	0.000000
0.310000	0.338937	0.000000
0.310000	0.331897	0.000000
0.310000	0.326497	0.000000
0.310000	0.322378	0.000000
0.310000	0.319252	0.000000
0.310000	0.316892	0.000000
0.310000	0.315119	0.000000
0.310000	0.313793	0.000000
0.310000	0.312805	0.000000
0.310000	0.312072	0.000000
0.310000	0.311529	0.000000
0.310000	0.311129	0.000000
0.310000	0.310834	0.000000
0.310000	0.310617	0.000000
0.310000	0.310458	0.000000
0.310000	0.310342	0.000000
0.310000	0.310256	0.000000
0.310000	0.310193	0.000000
0.310000	0.310146	0.000000
0.310000	0.310087	0.000000
0.310000	0.310112	0.000000
0.310000	0.310068	0.000000
0.310000	0.310054	0.000000
0.310000	0.310043	0.000000
0.310000	0.310035	0.000000
0.310000	0.310029	0.000000
0.310000	0.310025	0.000000
0.310000	0.310021	0.000000
0.310000	0.310019	0.000000
0.310000	0.310017	0.000000
0.310000	0.310016	0.000000
0.310000	0.310015	0.000000
0.310000	0.310014	0.000000
0.320000	0.691458	0.163404
0.320000	0.973237	0.000000
0.320000	0.834932	0.000000
0.320000	0.716940	0.000000
0.320000	0.624650	0.000000
0.320000	0.556570	0.000000
0.320000	0.504608	0.000000
0.320000	0.464006	0.000000
0.320000	0.432020	0.000000
0.320000	0.406794	0.000000
0.320000	0.386945	0.000000
0.320000	0.371389	0.000000
0.320000	0.359257	0.000000
0.320000	0.349846	0.000000
0.320000	0.342587	0.000000
0.320000	0.337018	0.000000
0.320000	0.332769	0.000000
0.320000	0.329545	0.000000
0.320000	0.327111	0.000000
0.320000	0.325281	0.000000
0.320000	0.323913	0.000000
0.320000	0.322894	0.000000
0.320000	0.322137	0.000000
0.320000	0.321578	0.000000
0.320000	0.321165	0.000000
0.320000	0.320861	0.000000
0.320000	0.320637	0.000000
0.320000	0.320473	0.000000
0.320000	0.320353	0.000000
0.320000	0.320264	0.000000
0.320000	0.320199	0.000000
0.320000	0.320151	0.000000
0.320000	0.320116	0.000000
0.320000	0.320089	0.000000
0.320000	0.320070	0.000000
0.320000	0.320055	0.000000
0.320000	0.320044	0.000000
0.320000	0.320036	0.000000
0.320000	0.320030	0.000000
0.320000	0.320025	0.000000
0.320000	0.320022	0.000000
0.320000	0.320019	0.000000
0.320000	0.320017	0.000000
0.320000	0.320016	0.000000
0.320000	0.320015	0.000000
0.320000	0.320015	0.000000
0.330000	0.712439	0.154735
0.330000	0.863838	0.000000
0.330000	0.740748	0.000000
0.330000	0.644019	0.000000
0.330000	0.573602	0.000000
0.330000	0.520088	0.000000
0.330000	0.478299	0.000000
0.330000	0.445376	0.000000
0.330000	0.419405	0.000000
0.330000	0.398966	0.000000
0.330000	0.382945	0.000000
0.330000	0.370449	0.000000
0.330000	0.360754	0.000000
0.330000	0.353275	0.000000
0.330000	0.347537	0.000000
0.330000	0.343159	0.000000
0.330000	0.339837	0.000000
0.330000	0.337328	0.000000
0.330000	0.335443	0.000000
0.330000	0.334033	0.000000
0.330000	0.332983	0.000000
0.330000	0.332203	0.000000
0.330000	0.331626	0.000000
0.330000	0.331201	0.000000
0.330000	0.330887	0.000000
0.330000	0.330657	0.000000
0.330000	0.330488	0.000000
0.330000	0.330363	0.000000
0.330000	0.330272	0.000000
0.330000	0.330205	0.000000
0.330000	0.330156	0.000000
0.330000	0.330119	0.000000
0.330000	0.330092	0.000000
0.330000	0.330072	0.000000
0.330000	0.330057	0.000000
0.330000	0.330046	0.000000
0.330000	0.330037	0.000000
0.330000	0.330031	0.000000
0.330000	0.330026	0.000000
0.330000	0.330023	0.000000
0.330000	0.330020	0.000000
0.330000	0.330018	0.000000
0.330000	0.330017	0.000000
0.330000	0.330016	0.000000
0.330000	0.330015	0.000000
0.340000	0.732786	0.145918
0.340000	0.893020	0.000000
0.340000	0.764888	0.000000
0.340000	0.663359	0.000000
0.340000	0.590589	0.000000
0.340000	0.535540	0.000000
0.340000	0.492576	0.000000
0.340000	0.458720	0.000000
0.340000	0.432009	0.000000
0.340000	0.410982	0.000000
0.340000	0.394497	0.000000
0.340000	0.381637	0.000000
0.340000	0.371659	0.000000
0.340000	0.363961	0.000000
0.340000	0.358055	0.000000
0.340000	0.353548	0.000000
0.340000	0.350128	0.000000
0.340000	0.347546	0.000000
0.340000	0.345605	0.000000
0.340000	0.344153	0.000000
0.340000	0.343072	0.000000
0.340000	0.342269	0.000000
0.340000	0.341675	0.000000
0.340000	0.341237	0.000000
0.340000	0.340914	0.000000
0.340000	0.340677	0.000000
0.340000	0.340502	0.000000
0.340000	0.340374	0.000000
0.340000	0.340280	0.000000
0.340000	0.340211	0.000000
0.340000	0.340160	0.000000
0.340000	0.340123	0.000000
0.340000	0.340095	0.000000
0.340000	0.340074	0.000000
0.340000	0.340059	0.000000
0.340000	0.340047	0.000000
0.340000	0.340039	0.000000
0.340000	0.340032	0.000000
0.340000	0.340027	0.000000
0.340000	0.340023	0.000000
0.340000	0.340021	0.000000
0.340000	0.340019	0.000000
0.340000	0.340017	0.000000
0.340000	0.340016	0.000000
0.340000	0.340016	0.000000
0.350000	0.752542	0.136987
0.350000	0.922448	0.000000
0.350000	0.789437	0.000000
0.350000	0.682664	0.000000
0.350000	0.607526	0.000000
0.350000	0.550963	0.000000
0.350000	0.506834	0.000000
0.350000	0.472053	0.000000
0.350000	0.444604	0.000000
0.350000	0.422992	0.000000
0.350000	0.406045	0.000000
0.350000	0.392823	0.000000
0.350000	0.382563	0.000000
0.350000	0.374646	0.000000
0.350000	0.368572	0.000000
0.350000	0.363937	0.000000
0.350000	0.360419	0.000000
0.350000	0.357763	0.000000
0.350000	0.355767	0.000000
0.350000	0.354273	0.000000
0.350000	0.353160	0.000000
0.350000	0.352335	0.000000
0.350000	0.351723	0.000000
0.350000	0.351272	0.000000
0.350000	0.350940	0.000000
0.350000	0.350696	0.000000
0.350000	0.350517	0.000000
0.350000	0.350385	0.000000
0.350000	0.350289	0.000000
0.350000	0.350217	0.000000
0.350000	0.350165	0.000000
0.350000	0.350126	0.000000
0.350000	0.350098	0.000000
0.350000	0.350076	0.000000
0.350000	0.350061	0.000000
0.350000	0.350049	0.000000
0.350000	0.350040	0.000000
0.350000	0.350033	0.000000
0.350000	0.350028	0.000000
0.350000	0.350024	0.000000
0.350000	0.350021	0.000000
0.350000	0.350019	0.000000
0.350000	0.350018	0.000000
0.350000	0.350017	0.000000
0.350000	0.350016	0.000000
0.360000	0.771740	0.127971
0.360000	0.952081	0.000000
0.360000	0.814486	0.000000
0.360000	0.701924	0.000000
0.360000	0.624410	0.000000
0.360000	0.566357	0.000000
0.360000	0.521075	0.000000
0.360000	0.485375	0.000000
0.360000	0.457192	0.000000
0.360000	0.434996	0.000000
0.360000	0.417589	0.000000
0.360000	0.404006	0.000000
0.360000	0.393465	0.000000
0.360000	0.385330	0.000000
0.360000	0.379088	0.000000
0.360000	0.374325	0.000000
0.360000	0.370710	0.000000
0.360000	0.367979	0.000000
0.360000	0.365928	0.000000
0.360000	0.364393	0.000000
0.360000	0.363249	0.000000
0.360000	0.362400	0.000000
0.360000	0.361772	0.000000
0.360000	0.361308	0.000000
0.360000	0.360967	0.000000
0.360000	0.360716	0.000000
0.360000	0.360532	0.000000
0.360000	0.360396	0.000000
0.360000	0.360297	0.000000
0.360000	0.360224	0.000000
0.360000	0.360170	0.000000
0.360000	0.360130	0.000000
0.360000	0.360100	0.000000
0.360000	0.360079	0.000000
0.360000	0.360062	0.000000
0.360000	0.360050	0.000000
0.360000	0.360041	0.000000
0.360000	0.360034	0.000000
0.360000	0.360029	0.000000
0.360000	0.360025	0.000000
0.360000	0.360022	0.000000
0.360000	0.360020	0.000000
0.360000	0.360018	0.000000
0.360000	0.360017	0.000000
0.360000	0.360017	0.000000
0.370000	0.790405	0.118907
0.370000	0.981876	0.000000
0.370000	0.840129	0.000000
0.370000	0.721131	0.000000
0.370000	0.641236	0.000000
0.370000	0.581718	0.000000
0.370000	0.535297	0.000000
0.370000	0.498685	0.000000
0.370000	0.469771	0.000000
0.370000	0.446995	0.000000
0.370000	0.429129	0.000000
0.370000	0.415186	0.000000
0.370000	0.404364	0.000000
0.370000	0.396012	0.000000
0.370000	0.389603	0.000000
0.370000	0.384712	0.000000
0.370000	0.380999	0.000000
0.370000	0.378196	0.000000
0.370000	0.376089	0.000000
0.370000	0.374512	0.000000
0.370000	0.373338	0.000000
0.370000	0.372466	0.000000
0.370000	0.371820	0.000000
0.370000	0.371344	0.000000
0.370000	0.370993	0.000000
0.370000	0.370736	0.000000
0.370000	0.370546	0.000000
0.370000	0.370407	0.000000
0.370000	0.370305	0.000000
0.370000	0.370230	0.000000
0.370000	0.370174	0.000000
0.370000	0.370134	0.000000
0.370000	0.370103	0.000000
0.370000	0.370081	0.000000
0.370000	0.370064	0.000000
0.370000	0.370051	0.000000
0.370000	0.370042	0.000000
0.370000	0.370035	0.000000
0.370000	0.370029	0.000000
0.370000	0.370025	0.000000
0.370000	0.370022	0.000000
0.370000	0.370020	0.000000
0.370000	0.370019	0.000000
0.370000	0.370018	0.000000
0.370000	0.370017	0.000000
0.380000	0.808572	0.109846
0.380000	0.866447	0.000000
0.380000	0.740270	0.000000
0.380000	0.657999	0.000000
0.380000	0.597048	0.000000
0.380000	0.549501	0.000000
0.380000	0.511982	0.000000
0.380000	0.482343	0.000000
0.380000	0.458989	0.000000
0.380000	0.440666	0.000000
0.380000	0.426364	0.000000
0.380000	0.415262	0.000000
0.380000	0.406693	0.000000
0.380000	0.400117	0.000000
0.380000	0.395098	0.000000
0.380000	0.391289	0.000000
0.380000	0.388412	0.000000
0.380000	0.386249	0.000000
0.380000	0.384631	0.000000
0.380000	0.383426	0.000000
0.380000	0.382531	0.000000
0.380000	0.381869	0.000000
0.380000	0.381380	0.000000
0.380000	0.381020	0.000000
0.380000	0.380755	0.000000
0.380000	0.380561	0.000000
0.380000	0.380418	0.000000
0.380000	0.380313	0.000000
0.380000	0.380236	0.000000
0.380000	0.380179	0.000000
0.380000	0.380137	0.000000
0.380000	0.380106	0.000000
0.380000	0.380083	0.000000
0.380000	0.380066	0.000000
0.380000	0.380053	0.000000
0.380000	0.380043	0.000000
0.380000	0.380036	0.000000
0.380000	0.380030	0.000000
0.380000	0.380026	0.000000
0.380000	0.380023	0.000000
0.380000	0.380021	0.000000
0.380000	0.380019	0.000000
0.380000	0.380018	0.000000
0.380000	0.380017	0.000000
0.390000	0.826291	0.100850
0.390000	0.893467	0.000000
0.390000	0.759322	0.000000
0.390000	0.674694	0.000000
0.390000	0.612345	0.000000
0.390000	0.563686	0.000000
0.390000	0.525268	0.000000
0.390000	0.494907	0.000000
0.390000	0.470977	0.000000
0.390000	0.452198	0.000000
0.390000	0.437538	0.000000
0.390000	0.426157	0.000000
0.390000	0.417372	0.000000
0.390000	0.410630	0.000000
0.390000	0.405484	0.000000
0.390000	0.401577	0.000000
0.390000	0.398627	0.000000
0.390000	0.396410	0.000000
0.390000	0.394750	0.000000
0.390000	0.393514	0.000000
0.390000	0.392596	0.000000
0.390000	0.391917	0.000000
0.390000	0.391416	0.000000
0.390000	0.391046	0.000000
0.390000	0.390775	0.000000
0.390000	0.390575	0.000000
0.390000	0.390429	0.000000
0.390000	0.390321	0.000000
0.390000	0.390242	0.000000
0.390000	0.390184	0.000000
0.390000	0.390141	0.000000
0.390000	0.390109	0.000000
0.390000	0.390085	0.000000
0.390000	0.390067	0.000000
0.390000	0.390054	0.000000
0.390000	0.390044	0.000000
0.390000	0.390037	0.000000
0.390000	0.390031	0.000000
0.390000	0.390027	0.000000
0.390000	0.390024	0.000000
0.390000	0.390021	0.000000
0.390000	0.390020	0.000000
0.390000	0.390019	0.000000
0.390000	0.390018	0.000000
0.400000	0.843659	0.091983
0.400000	0.921124	0.000000
0.400000	0.778261	0.000000
0.400000	0.691318	0.000000
0.400000	0.627608	0.000000
0.400000	0.577852	0.000000
0.400000	0.538543	0.000000
0.400000	0.507463	0.000000
0.400000	0.482959	0.000000
0.400000	0.463726	0.000000
0.400000	0.448710	0.000000
0.400000	0.437051	0.000000
0.400000	0.428050	0.000000
0.400000	0.421142	0.000000
0.400000	0.415869	0.000000
0.400000	0.411866	0.000000
0.400000	0.408842	0.000000
0.400000	0.406570	0.000000
0.400000	0.404869	0.000000
0.400000	0.403602	0.000000
0.400000	0.402661	0.000000
0.400000	0.401965	0.000000
0.400000	0.401451	0.000000
0.400000	0.401073	0.000000
0.400000	0.400794	0.000000
0.400000	0.400590	0.000000
0.400000	0.400440	0.000000
0.400000	0.400329	0.000000
0.400000	0.400248	0.000000
0.400000	0.400188	0.000000
0.400000	0.400144	0.000000
0.400000	0.400112	0.000000
0.400000	0.400087	0.000000
0.400000	0.400069	0.000000
0.400000	0.400056	0.000000
0.400000	0.400045	0.000000
0.400000	0.400038	0.000000
0.400000	0.400032	0.000000
0.400000	0.400027	0.000000
0.400000	0.400024	0.000000
0.400000	0.400022	0.000000
0.400000	0.400020	0.000000
0.400000	0.400019	0.000000
0.400000	0.400018	0.000000
0.410000	0.860817	0.083273
0.410000	0.949255	0.000000
0.410000	0.797050	0.000000
0.410000	0.707863	0.000000
0.410000	0.642837	0.000000
0.410000	0.591999	0.000000
0.410000	0.551805	0.000000
0.410000	0.520010	0.000000
0.410000	0.494936	0.000000
0.410000	0.475251	0.000000
0.410000	0.459879	0.000000
0.410000	0.447942	0.000000
0.410000	0.438726	0.000000
0.410000	0.431652	0.000000
0.410000	0.426253	0.000000
0.410000	0.422153	0.000000
0.410000	0.419057	0.000000
0.410000	0.416729	0.000000
0.410000	0.414988	0.000000
0.410000	0.413690	0.000000
0.410000	0.412726	0.000000
0.410000	0.412013	0.000000
0.410000	0.411487	0.000000
0.410000	0.411099	0.000000
0.410000	0.410814	0.000000
0.410000	0.410604	0.000000
0.410000	0.410451	0.000000
0.410000	0.410338	0.000000
0.410000	0.410254	0.000000
0.410000	0.410193	0.000000
0.410000	0.410148	0.000000
0.410000	0.410114	0.000000
0.410000	0.410089	0.000000
0.410000	0.410071	0.000000
0.410000	0.410057	0.000000
0.410000	0.410046	0.000000
0.410000	0.410039	0.000000
0.410000	0.410033	0.000000
0.410000	0.410028	0.000000
0.410000	0.410025	0.000000
0.410000	0.410022	0.000000
0.410000	0.410021	0.000000
0.410000	0.410019	0.000000
0.410000	0.410019	0.000000
0.420000	0.877942	0.074686
0.420000	0.977631	0.000000
0.420000	0.815636	0.000000
0.420000	0.724327	0.000000
0.420000	0.658030	0.000000
0.420000	0.606126	0.000000
0.420000	0.565055	0.000000
0.420000	0.532550	0.000000
0.420000	0.506907	0.000000
0.420000	0.486771	0.000000
0.420000	0.471045	0.000000
0.420000	0.458831	0.000000
0.420000	0.449401	0.000000
0.420000	0.442162	0.000000
0.420000	0.436636	0.000000
0.420000	0.432440	0.000000
0.420000	0.429271	0.000000
0.420000	0.426889	0.000000
0.420000	0.425106	0.000000
0.420000	0.423778	0.000000
0.420000	0.422791	0.000000
0.420000	0.422061	0.000000
0.420000	0.421522	0.000000
0.420000	0.421125	0.000000
0.420000	0.420833	0.000000
0.420000	0.420619	0.000000
0.420000	0.420461	0.000000
0.420000	0.420346	0.000000
0.420000	0.420261	0.000000
0.420000	0.420198	0.000000
0.420000	0.420151	0.000000
0.420000	0.420117	0.000000
0.420000	0.420092	0.000000
0.420000	0.420073	0.000000
0.420000	0.420058	0.000000
0.420000	0.420048	0.000000
0.420000	0.420040	0.000000
0.420000	0.420033	0.000000
0.420000	0.420029	0.000000
0.420000	0.420025	0.000000
0.420000	0.420023	0.000000
0.420000	0.420021	0.000000
0.420000	0.420020	0.000000
0.420000	0.420019	0.000000
0.430000	0.895206	0.066116
0.430000	0.833944	0.000000
0.430000	0.740704	0.000000
0.430000	0.673187	0.000000
0.430000	0.620235	0.000000
0.430000	0.578294	0.000000
0.430000	0.545082	0.000000
0.430000	0.518873	0.000000
0.430000	0.498288	0.000000
0.430000	0.482208	0.000000
0.430000	0.469719	0.000000
0.430000	0.460075	0.000000
0.430000	0.452671	0.000000
0.430000	0.447018	0.000000
0.430000	0.442727	0.000000
0.430000	0.439485	0.000000
0.430000	0.437048	0.000000
0.430000	0.435224	0.000000
0.430000	0.433865	0.000000
0.430000	0.432856	0.000000
0.430000	0.432109	0.000000
0.430000	0.431558	0.000000
0.430000	0.431152	0.000000
0.430000	0.430853	0.000000
0.430000	0.430634	0.000000
0.430000	0.430472	0.000000
0.430000	0.430354	0.000000
0.430000	0.430267	0.000000
0.430000	0.430202	0.000000
0.430000	0.430155	0.000000
0.430000	0.430120	0.000000
0.430000	0.430094	0.000000
0.430000	0.430074	0.000000
0.430000	0.430060	0.000000
0.430000	0.430049	0.000000
0.430000	0.430040	0.000000
0.430000	0.430034	0.000000
0.430000	0.430030	0.000000
0.430000	0.430026	0.000000
0.430000	0.430023	0.000000
0.430000	0.430022	0.000000
0.430000	0.430020	0.000000
0.430000	0.430020	0.000000
0.440000	0.912767	0.057392
0.440000	0.851865	0.000000
0.440000	0.756990	0.000000
0.440000	0.688307	0.000000
0.440000	0.634324	0.000000
0.440000	0.591520	0.000000
0.440000	0.557606	0.000000
0.440000	0.530833	0.000000
0.440000	0.509801	0.000000
0.440000	0.493368	0.000000
0.440000	0.480604	0.000000
0.440000	0.470746	0.000000
0.440000	0.463178	0.000000
0.440000	0.457400	0.000000
0.440000	0.453013	0.000000
0.440000	0.449698	0.000000
0.440000	0.447207	0.000000
0.440000	0.445342	0.000000
0.440000	0.443953	0.000000
0.440000	0.442921	0.000000
0.440000	0.442157	0.000000
0.440000	0.441593	0.000000
0.440000	0.441178	0.000000
0.440000	0.440873	0.000000
0.440000	0.440648	0.000000
0.440000	0.440483	0.000000
0.440000	0.440362	0.000000
0.440000	0.440273	0.000000
0.440000	0.440207	0.000000
0.440000	0.440159	0.000000
0.440000	0.440123	0.000000
0.440000	0.440096	0.000000
0.440000	0.440076	0.000000
0.440000	0.440061	0.000000
0.440000	0.440050	0.000000
0.440000	0.440041	0.000000
0.440000	0.440035	0.000000
0.440000	0.440030	0.000000
0.440000	0.440027	0.000000
0.440000	0.440024	0.000000
0.440000	0.440022	0.000000
0.440000	0.440021	0.000000
0.440000	0.440020	0.000000
0.450000	0.930762	0.048281
0.450000	0.869254	0.000000
0.450000	0.773181	0.000000
0.450000	0.703391	0.000000
0.450000	0.648394	0.000000
0.450000	0.604735	0.000000
0.450000	0.570123	0.000000
0.450000	0.542788	0.000000
0.450000	0.521309	0.000000
0.450000	0.504526	0.000000
0.450000	0.491487	0.000000
0.450000	0.481417	0.000000
0.450000	0.473684	0.000000
0.450000	0.467781	0.000000
0.450000	0.463298	0.000000
0.450000	0.459911	0.000000
0.450000	0.457365	0.000000
0.450000	0.455460	0.000000
0.450000	0.454040	0.000000
0.450000	0.452986	0.000000
0.450000	0.452205	0.000000
0.450000	0.451629	0.000000
0.450000	0.451204	0.000000
0.450000	0.450892	0.000000
0.450000	0.450663	0.000000
0.450000	0.450494	0.000000
0.450000	0.450370	0.000000
0.450000	0.450279	0.000000
0.450000	0.450212	0.000000
0.450000	0.450162	0.000000
0.450000	0.450125	0.000000
0.450000	0.450098	0.000000
0.450000	0.450078	0.000000
0.450000	0.450062	0.000000
0.450000	0.450051	0.000000
0.450000	0.450042	0.000000
0.450000	0.450036	0.000000
0.450000	0.450031	0.000000
0.450000	0.450027	0.000000
0.450000	0.450025	0.000000
0.450000	0.450023	0.000000
0.450000	0.450021	0.000000
0.450000	0.450021	0.000000
0.460000	0.949309	0.038434
0.460000	0.885935	0.000000
0.460000	0.789277	0.000000
0.460000	0.718438	0.000000
0.460000	0.662444	0.000000
0.460000	0.617938	0.000000
0.460000	0.582631	0.000000
0.460000	0.554738	0.000000
0.460000	0.532814	0.000000
0.460000	0.515680	0.000000
0.460000	0.502368	0.000000
0.460000	0.492085	0.000000
0.460000	0.484190	0.000000
0.460000	0.478161	0.000000
0.460000	0.473583	0.000000
0.460000	0.470124	0.000000
0.460000	0.467524	0.000000
0.460000	0.465578	0.000000
0.460000	0.464127	0.000000
0.460000	0.463050	0.000000
0.460000	0.462253	0.000000
0.460000	0.461664	0.000000
0.460000	0.461230	0.000000
0.460000	0.460911	0.000000
0.460000	0.460677	0.000000
0.460000	0.460505	0.000000
0.460000	0.460378	0.000000
0.460000	0.460285	0.000000
0.460000	0.460217	0.000000
0.460000	0.460166	0.000000
0.460000	0.460100	0.000000
0.460000	0.460128	0.000000
0.460000	0.460079	0.000000
0.460000	0.460064	0.000000
0.460000	0.460052	0.000000
0.460000	0.460043	0.000000
0.460000	0.460037	0.000000
0.460000	0.460032	0.000000
0.460000	0.460028	0.000000
0.460000	0.460025	0.000000
0.460000	0.460023	0.000000
0.460000	0.460022	0.000000
0.460000	0.460021	0.000000
0.470000	0.968492	0.027078
0.470000	0.901763	0.000000
0.470000	0.805275	0.000000
0.470000	0.733448	0.000000
0.470000	0.676475	0.000000
0.470000	0.631129	0.000000
0.470000	0.595132	0.000000
0.470000	0.566682	0.000000
0.470000	0.544315	0.000000
0.470000	0.526832	0.000000
0.470000	0.513247	0.000000
0.470000	0.502753	0.000000
0.470000	0.494694	0.000000
0.470000	0.488540	0.000000
0.470000	0.483867	0.000000
0.470000	0.480336	0.000000
0.470000	0.477682	0.000000
0.470000	0.475695	0.000000
0.470000	0.474214	0.000000
0.470000	0.473115	0.000000
0.470000	0.472300	0.000000
0.470000	0.471699	0.000000
0.470000	0.471257	0.000000
0.470000	0.470931	0.000000
0.470000	0.470692	0.000000
0.470000	0.470516	0.000000
0.470000	0.470386	0.000000
0.470000	0.470291	0.000000
0.470000	0.470221	0.000000
0.470000	0.470169	0.000000
0.470000	0.470131	0.000000
0.470000	0.470102	0.000000
0.470000	0.470081	0.000000
0.470000	0.470065	0.000000
0.470000	0.470053	0.000000
0.470000	0.470044	0.000000
0.470000	0.470037	0.000000
0.470000	0.470032	0.000000
0.470000	0.470028	0.000000
0.470000	0.470026	0.000000
0.470000	0.470024	0.000000
0.470000	0.470022	0.000000
0.470000	0.470022	0.000000
