0.001000	0.929913	0.000000
0.001000	0.791406	0.000000
0.001000	0.672251	0.000000
0.001000	0.569903	0.000000
0.001000	0.482124	0.000000
0.001000	0.406950	0.000000
0.001000	0.342669	0.000000
0.001000	0.287793	0.000000
0.001000	0.241029	0.000000
0.001000	0.201254	0.000000
0.001000	0.167497	0.000000
0.001000	0.138916	0.000000
0.001000	0.114781	0.000000
0.001000	0.094462	0.000000
0.001000	0.077412	0.000000
0.001000	0.063157	0.000000
0.001000	0.051286	0.000000
0.001000	0.041443	0.000000
0.001000	0.033320	0.000000
0.001000	0.026651	0.000000
0.010000	0.820736	0.000000
0.010000	0.664488	0.000000
0.010000	0.535676	0.000000
0.010000	0.429954	0.000000
0.010000	0.343562	0.000000
0.010000	0.273282	0.000000
0.010000	0.216384	0.000000
0.010000	0.170563	0.000000
0.010000	0.133877	0.000000
0.010000	0.104697	0.000000
0.010000	0.081659	0.000000
0.010000	0.063623	0.000000
0.010000	0.049632	0.000000
0.010000	0.038892	0.000000
0.010000	0.030741	0.000000
0.020000	0.890116	0.000000
0.020000	0.708385	0.000000
0.020000	0.561121	0.000000
0.020000	0.442493	0.000000
0.020000	0.347478	0.000000
0.020000	0.271818	0.000000
0.020000	0.211941	0.000000
0.020000	0.164878	0.000000
0.020000	0.128168	0.000000
0.020000	0.099781	0.000000
0.020000	0.078047	0.000000
0.020000	0.061595	0.000000
0.020000	0.049301	0.000000
0.020000	0.040251	0.000000
0.020000	0.033705	0.000000
0.020000	0.029061	0.000000
0.020000	0.025835	0.000000
0.030000	0.028032	0.031313
0.030000	0.861425	0.000000
0.030000	0.677446	0.000000
0.030000	0.530416	0.000000
0.030000	0.413720	0.000000
0.030000	0.321713	0.000000
0.030000	0.249663	0.000000
0.030000	0.193658	0.000000
0.030000	0.150481	0.000000
0.030000	0.117505	0.000000
0.030000	0.092593	0.000000
0.030000	0.074017	0.000000
0.030000	0.060377	0.000000
0.030000	0.050538	0.000000
0.030000	0.043573	0.000000
0.030000	0.038740	0.000000
0.030000	0.035462	0.000000
0.030000	0.033296	0.000000
0.030000	0.031911	0.000000
0.030000	0.031057	0.000000
0.030000	0.030553	0.000000
0.030000	0.030271	0.000000
0.030000	0.030123	0.000000
0.030000	0.030050	0.000000
0.030000	0.030018	0.000000
0.030000	0.030006	0.000000
0.030000	0.030001	0.000000
0.030000	0.030000	0.000000
0.030000	0.030000	0.000000
0.030000	0.030000	0.000000
0.030000	0.030000	0.000000
0.030000	0.030000	0.000000
0.030000	0.030000	0.000000
0.040000	0.041783	0.046281
0.040000	0.919994	0.000000
0.040000	0.718873	0.000000
0.040000	0.559417	0.000000
0.040000	0.433977	0.000000
0.040000	0.336024	0.000000
0.040000	0.260106	0.000000
0.040000	0.201737	0.000000
0.040000	0.157265	0.000000
0.040000	0.123738	0.000000
0.040000	0.098785	0.000000
0.040000	0.080504	0.000000
0.040000	0.067353	0.000000
0.040000	0.058066	0.000000
0.040000	0.051632	0.000000
0.040000	0.047269	0.000000
0.040000	0.044387	0.000000
0.040000	0.042543	0.000000
0.040000	0.041406	0.000000
0.040000	0.040736	0.000000
0.040000	0.040361	0.000000
0.040000	0.040163	0.000000
0.040000	0.040067	0.000000
0.040000	0.040024	0.000000
0.040000	0.040008	0.000000
0.040000	0.040002	0.000000
0.040000	0.040000	0.000000
0.040000	0.040000	0.000000
0.040000	0.040000	0.000000
0.040000	0.040000	0.000000
0.040000	0.040000	0.000000
0.040000	0.040000	0.000000
0.050000	0.056681	0.057258
0.050000	0.912174	0.000000
0.050000	0.708655	0.000000
0.050000	0.548669	0.000000
0.050000	0.423961	0.000000
0.050000	0.327529	0.000000
0.050000	0.253566	0.000000
0.050000	0.197338	0.000000
0.050000	0.155033	0.000000
0.050000	0.123604	0.000000
0.050000	0.100631	0.000000
0.050000	0.084149	0.000000
0.050000	0.072540	0.000000
0.050000	0.064509	0.000000
0.050000	0.059066	0.000000
0.050000	0.055472	0.000000
0.050000	0.053172	0.000000
0.050000	0.051754	0.000000
0.050000	0.050918	0.000000
0.050000	0.050450	0.000000
0.050000	0.050204	0.000000
0.050000	0.050084	0.000000
0.050000	0.050031	0.000000
0.050000	0.050010	0.000000
0.050000	0.050002	0.000000
0.050000	0.050000	0.000000
0.050000	0.050000	0.000000
0.050000	0.050000	0.000000
0.050000	0.050000	0.000000
0.050000	0.050000	0.000000
0.050000	0.050000	0.000000
0.060000	0.070246	0.067808
0.060000	0.861099	0.000000
0.060000	0.665678	0.000000
0.060000	0.513460	0.000000
0.060000	0.395942	0.000000
0.060000	0.305986	0.000000
0.060000	0.237737	0.000000
0.060000	0.186483	0.000000
0.060000	0.148478	0.000000
0.060000	0.120759	0.000000
0.060000	0.100927	0.000000
0.060000	0.086994	0.000000
0.060000	0.077371	0.000000
0.060000	0.070853	0.000000
0.060000	0.066550	0.000000
0.060000	0.063797	0.000000
0.060000	0.062099	0.000000
0.060000	0.061098	0.000000
0.060000	0.060538	0.000000
0.060000	0.060243	0.000000
0.060000	0.060100	0.000000
0.060000	0.060036	0.000000
0.060000	0.060011	0.000000
0.060000	0.060003	0.000000
0.060000	0.060001	0.000000
0.060000	0.060000	0.000000
0.060000	0.060000	0.000000
0.060000	0.060000	0.000000
0.060000	0.060000	0.000000
0.060000	0.060000	0.000000
0.070000	0.083349	0.079194
0.070000	0.784854	0.000000
0.070000	0.604489	0.000000
0.070000	0.465358	0.000000
0.070000	0.359016	0.000000
0.070000	0.278477	0.000000
0.070000	0.218098	0.000000
0.070000	0.173408	0.000000
0.070000	0.140887	0.000000
0.070000	0.117685	0.000000
0.070000	0.101428	0.000000
0.070000	0.090217	0.000000
0.070000	0.082631	0.000000
0.070000	0.077622	0.000000
0.070000	0.074418	0.000000
0.070000	0.072442	0.000000
0.070000	0.071277	0.000000
0.070000	0.070625	0.000000
0.070000	0.070283	0.000000
0.070000	0.070116	0.000000
0.070000	0.070042	0.000000
0.070000	0.070013	0.000000
0.070000	0.070003	0.000000
0.070000	0.070001	0.000000
0.070000	0.070000	0.000000
0.070000	0.070000	0.000000
0.070000	0.070000	0.000000
0.070000	0.070000	0.000000
0.070000	0.070000	0.000000
0.080000	0.096794	0.091824
0.080000	0.906005	0.000000
0.080000	0.696992	0.000000
0.080000	0.535778	0.000000
0.080000	0.412677	0.000000
0.080000	0.319575	0.000000
0.080000	0.249886	0.000000
0.080000	0.198397	0.000000
0.080000	0.161015	0.000000
0.080000	0.134424	0.000000
0.080000	0.115842	0.000000
0.080000	0.103048	0.000000
0.080000	0.094397	0.000000
0.080000	0.088688	0.000000
0.080000	0.085035	0.000000
0.080000	0.082783	0.000000
0.080000	0.081455	0.000000
0.080000	0.080712	0.000000
0.080000	0.080322	0.000000
0.080000	0.080132	0.000000
0.080000	0.080048	0.000000
0.080000	0.080015	0.000000
0.080000	0.080004	0.000000
0.080000	0.080001	0.000000
0.080000	0.080000	0.000000
0.080000	0.080000	0.000000
0.080000	0.080000	0.000000
0.080000	0.080000	0.000000
0.080000	0.080000	0.000000
0.090000	0.111396	0.105662
0.090000	0.790892	0.000000
0.090000	0.607196	0.000000
0.090000	0.466984	0.000000
0.090000	0.361049	0.000000
0.090000	0.281861	0.000000
0.090000	0.223449	0.000000
0.090000	0.181145	0.000000
0.090000	0.151144	0.000000
0.090000	0.130236	0.000000
0.090000	0.115865	0.000000
0.090000	0.106154	0.000000
0.090000	0.099747	0.000000
0.090000	0.095648	0.000000
0.090000	0.093121	0.000000
0.090000	0.091632	0.000000
0.090000	0.090799	0.000000
0.090000	0.090361	0.000000
0.090000	0.090148	0.000000
0.090000	0.090054	0.000000
0.090000	0.090017	0.000000
0.090000	0.090004	0.000000
0.090000	0.090001	0.000000
0.090000	0.090000	0.000000
0.090000	0.090000	0.000000
0.090000	0.090000	0.000000
0.090000	0.090000	0.000000
0.090000	0.090000	0.000000
0.100000	0.127737	0.120193
0.100000	0.886089	0.000000
0.100000	0.679592	0.000000
0.100000	0.521951	0.000000
0.100000	0.402919	0.000000
0.100000	0.314033	0.000000
0.100000	0.248570	0.000000
0.100000	0.201274	0.000000
0.100000	0.167844	0.000000
0.100000	0.144610	0.000000
0.100000	0.128667	0.000000
0.100000	0.117902	0.000000
0.100000	0.110800	0.000000
0.100000	0.106257	0.000000
0.100000	0.103458	0.000000
0.100000	0.101807	0.000000
0.100000	0.100884	0.000000
0.100000	0.100399	0.000000
0.100000	0.100164	0.000000
0.100000	0.100060	0.000000
0.100000	0.100019	0.000000
0.100000	0.100005	0.000000
0.100000	0.100001	0.000000
0.100000	0.100000	0.000000
0.100000	0.100000	0.000000
0.100000	0.100000	0.000000
0.100000	0.100000	0.000000
0.100000	0.100000	0.000000
0.110000	0.145862	0.134824
0.110000	0.982467	0.000000
0.110000	0.752933	0.000000
0.110000	0.577588	0.000000
0.110000	0.445205	0.000000
0.110000	0.346419	0.000000
0.110000	0.273764	0.000000
0.110000	0.221405	0.000000
0.110000	0.184523	0.000000
0.110000	0.158965	0.000000
0.110000	0.141455	0.000000
0.110000	0.129640	0.000000
0.110000	0.121848	0.000000
0.110000	0.116863	0.000000
0.110000	0.113792	0.000000
0.110000	0.111981	0.000000
0.110000	0.110969	0.000000
0.110000	0.110438	0.000000
0.110000	0.110179	0.000000
0.110000	0.110065	0.000000
0.110000	0.110020	0.000000
0.110000	0.110005	0.000000
0.110000	0.110001	0.000000
0.110000	0.110000	0.000000
0.110000	0.110000	0.000000
0.110000	0.110000	0.000000
0.110000	0.110000	0.000000
0.110000	0.110000	0.000000
0.120000	0.165619	0.149319
0.120000	0.827173	0.000000
0.120000	0.633896	0.000000
0.120000	0.487925	0.000000
0.120000	0.379035	0.000000
0.120000	0.299037	0.000000
0.120000	0.241536	0.000000
0.120000	0.201181	0.000000
0.120000	0.173300	0.000000
0.120000	0.154229	0.000000
0.120000	0.141368	0.000000
0.120000	0.132889	0.000000
0.120000	0.127465	0.000000
0.120000	0.124123	0.000000
0.120000	0.122154	0.000000
0.120000	0.121053	0.000000
0.120000	0.120475	0.000000
0.120000	0.120195	0.000000
0.120000	0.120071	0.000000
0.120000	0.120022	0.000000
0.120000	0.120006	0.000000
0.120000	0.120001	0.000000
0.120000	0.120000	0.000000
0.120000	0.120000	0.000000
0.120000	0.120000	0.000000
0.120000	0.120000	0.000000
0.120000	0.120000	0.000000
0.130000	0.187057	0.163605
0.130000	0.902252	0.000000
0.130000	0.690869	0.000000
0.130000	0.531099	0.000000
0.130000	0.411898	0.000000
0.130000	0.324397	0.000000
0.130000	0.261667	0.000000
0.130000	0.217817	0.000000
0.130000	0.187615	0.000000
0.130000	0.166988	0.000000
0.130000	0.153088	0.000000
0.130000	0.143924	0.000000
0.130000	0.138064	0.000000
0.130000	0.134453	0.000000
0.130000	0.132326	0.000000
0.130000	0.131137	0.000000
0.130000	0.130513	0.000000
0.130000	0.130210	0.000000
0.130000	0.130076	0.000000
0.130000	0.130024	0.000000
0.130000	0.130006	0.000000
0.130000	0.130001	0.000000
0.130000	0.130000	0.000000
0.130000	0.130000	0.000000
0.130000	0.130000	0.000000
0.130000	0.130000	0.000000
0.130000	0.130000	0.000000
0.140000	0.210365	0.177472
0.140000	0.978104	0.000000
0.140000	0.748493	0.000000
0.140000	0.574740	0.000000
0.140000	0.445028	0.000000
0.140000	0.349852	0.000000
0.140000	0.281800	0.000000
0.140000	0.234430	0.000000
0.140000	0.201909	0.000000
0.140000	0.179734	0.000000
0.140000	0.164798	0.000000
0.140000	0.154954	0.000000
0.140000	0.148659	0.000000
0.140000	0.144781	0.000000
0.140000	0.142496	0.000000
0.140000	0.141220	0.000000
0.140000	0.140550	0.000000
0.140000	0.140225	0.000000
0.140000	0.140082	0.000000
0.140000	0.140025	0.000000
0.140000	0.140006	0.000000
0.140000	0.140001	0.000000
0.140000	0.140000	0.000000
0.140000	0.140000	0.000000
0.140000	0.140000	0.000000
0.140000	0.140000	0.000000
0.140000	0.140000	0.000000
0.150000	0.235685	0.190518
0.150000	0.806744	0.000000
0.150000	0.618862	0.000000
0.150000	0.478446	0.000000
0.150000	0.375412	0.000000
0.150000	0.301933	0.000000
0.150000	0.251019	0.000000
0.150000	0.216183	0.000000
0.150000	0.192466	0.000000
0.150000	0.176499	0.000000
0.150000	0.165979	0.000000
0.150000	0.159251	0.000000
0.150000	0.155107	0.000000
0.150000	0.152666	0.000000
0.150000	0.151302	0.000000
0.150000	0.150587	0.000000
0.150000	0.150240	0.000000
0.150000	0.150087	0.000000
0.150000	0.150027	0.000000
0.150000	0.150007	0.000000
0.150000	0.150001	0.000000
0.150000	0.150000	0.000000
0.150000	0.150000	0.000000
0.150000	0.150000	0.000000
0.150000	0.150000	0.000000
0.150000	0.150000	0.000000
0.160000	0.262981	0.202224
0.160000	0.865591	0.000000
0.160000	0.663470	0.000000
0.160000	0.512175	0.000000
0.160000	0.401089	0.000000
0.160000	0.322067	0.000000
0.160000	0.267583	0.000000
0.160000	0.230436	0.000000
0.160000	0.205183	0.000000
0.160000	0.188192	0.000000
0.160000	0.176998	0.000000
0.160000	0.169840	0.000000
0.160000	0.165431	0.000000
0.160000	0.162834	0.000000
0.160000	0.161384	0.000000
0.160000	0.160624	0.000000
0.160000	0.160255	0.000000
0.160000	0.160092	0.000000
0.160000	0.160029	0.000000
0.160000	0.160007	0.000000
0.160000	0.160001	0.000000
0.160000	0.160000	0.000000
0.160000	0.160000	0.000000
0.160000	0.160000	0.000000
0.160000	0.160000	0.000000
0.160000	0.160000	0.000000
0.170000	0.291990	0.212071
0.170000	0.924995	0.000000
0.170000	0.708566	0.000000
0.170000	0.546236	0.000000
0.170000	0.426895	0.000000
0.170000	0.342202	0.000000
0.170000	0.284121	0.000000
0.170000	0.244668	0.000000
0.170000	0.217887	0.000000
0.170000	0.199876	0.000000
0.170000	0.188011	0.000000
0.170000	0.180425	0.000000
0.170000	0.175753	0.000000
0.170000	0.173001	0.000000
0.170000	0.171465	0.000000
0.170000	0.170660	0.000000
0.170000	0.170270	0.000000
0.170000	0.170098	0.000000
0.170000	0.170030	0.000000
0.170000	0.170008	0.000000
0.170000	0.170001	0.000000
0.170000	0.170000	0.000000
0.170000	0.170000	0.000000
0.170000	0.170000	0.000000
0.170000	0.170000	0.000000
0.170000	0.170000	0.000000
0.180000	0.322247	0.219665
0.180000	0.984912	0.000000
0.180000	0.754145	0.000000
0.180000	0.580653	0.000000
0.180000	0.452847	0.000000
0.180000	0.362338	0.000000
0.180000	0.300632	0.000000
0.180000	0.258879	0.000000
0.180000	0.230577	0.000000
0.180000	0.211551	0.000000
0.180000	0.199019	0.000000
0.180000	0.191007	0.000000
0.180000	0.186073	0.000000
0.180000	0.183167	0.000000
0.180000	0.181545	0.000000
0.180000	0.180696	0.000000
0.180000	0.180284	0.000000
0.180000	0.180103	0.000000
0.180000	0.180032	0.000000
0.180000	0.180008	0.000000
0.180000	0.180002	0.000000
0.180000	0.180000	0.000000
0.180000	0.180000	0.000000
0.180000	0.180000	0.000000
0.180000	0.180000	0.000000
0.180000	0.180000	0.000000
0.190000	0.353182	0.224821
0.190000	0.800192	0.000000
0.190000	0.615447	0.000000
0.190000	0.478962	0.000000
0.190000	0.382476	0.000000
0.190000	0.317114	0.000000
0.190000	0.273068	0.000000
0.190000	0.243253	0.000000
0.190000	0.223218	0.000000
0.190000	0.210022	0.000000
0.190000	0.201586	0.000000
0.190000	0.196391	0.000000
0.190000	0.193333	0.000000
0.190000	0.191626	0.000000
0.190000	0.190732	0.000000
0.190000	0.190299	0.000000
0.190000	0.190108	0.000000
0.190000	0.190033	0.000000
0.190000	0.190008	0.000000
0.190000	0.190002	0.000000
0.190000	0.190000	0.000000
0.190000	0.190000	0.000000
0.190000	0.190000	0.000000
0.190000	0.190000	0.000000
0.190000	0.190000	0.000000
0.200000	0.384228	0.227575
0.200000	0.846690	0.000000
0.200000	0.650636	0.000000
0.200000	0.505262	0.000000
0.200000	0.402614	0.000000
0.200000	0.333567	0.000000
0.200000	0.287235	0.000000
0.200000	0.255915	0.000000
0.200000	0.234875	0.000000
0.200000	0.221020	0.000000
0.200000	0.212162	0.000000
0.200000	0.206707	0.000000
0.200000	0.203497	0.000000
0.200000	0.201705	0.000000
0.200000	0.200767	0.000000
0.200000	0.200313	0.000000
0.200000	0.200113	0.000000
0.200000	0.200035	0.000000
0.200000	0.200009	0.000000
0.200000	0.200002	0.000000
0.200000	0.200000	0.000000
0.200000	0.200000	0.000000
0.200000	0.200000	0.000000
0.200000	0.200000	0.000000
0.200000	0.200000	0.000000
0.210000	0.414923	0.228128
0.210000	0.893610	0.000000
0.210000	0.686235	0.000000
0.210000	0.531771	0.000000
0.210000	0.422754	0.000000
0.210000	0.349987	0.000000
0.210000	0.301379	0.000000
0.210000	0.268562	0.000000
0.210000	0.246525	0.000000
0.210000	0.232012	0.000000
0.210000	0.222734	0.000000
0.210000	0.217022	0.000000
0.210000	0.213660	0.000000
0.210000	0.211784	0.000000
0.210000	0.210802	0.000000
0.210000	0.210327	0.000000
0.210000	0.210118	0.000000
0.210000	0.210036	0.000000
0.210000	0.210009	0.000000
0.210000	0.210002	0.000000
0.210000	0.210000	0.000000
0.210000	0.210000	0.000000
0.210000	0.210000	0.000000
0.210000	0.210000	0.000000
0.210000	0.210000	0.000000
0.220000	0.444942	0.226774
0.220000	0.940923	0.000000
0.220000	0.722253	0.000000
0.220000	0.558518	0.000000
0.220000	0.442896	0.000000
0.220000	0.366375	0.000000
0.220000	0.315500	0.000000
0.220000	0.281197	0.000000
0.220000	0.258166	0.000000
0.220000	0.242999	0.000000
0.220000	0.233304	0.000000
0.220000	0.227335	0.000000
0.220000	0.223822	0.000000
0.220000	0.221862	0.000000
0.220000	0.220837	0.000000
0.220000	0.220341	0.000000
0.220000	0.220123	0.000000
0.220000	0.220038	0.000000
0.220000	0.220010	0.000000
0.220000	0.220002	0.000000
0.220000	0.220000	0.000000
0.220000	0.220000	0.000000
0.220000	0.220000	0.000000
0.220000	0.220000	0.000000
0.220000	0.220000	0.000000
0.230000	0.474088	0.223824
0.230000	0.988594	0.000000
0.230000	0.758692	0.000000
0.230000	0.585536	0.000000
0.230000	0.463039	0.000000
0.230000	0.382728	0.000000
0.230000	0.329599	0.000000
0.230000	0.293817	0.000000
0.230000	0.269798	0.000000
0.230000	0.253982	0.000000
0.230000	0.243871	0.000000
0.230000	0.237646	0.000000
0.230000	0.233983	0.000000
0.230000	0.231940	0.000000
0.230000	0.230872	0.000000
0.230000	0.230355	0.000000
0.230000	0.230128	0.000000
0.230000	0.230039	0.000000
0.230000	0.230010	0.000000
0.230000	0.230002	0.000000
0.230000	0.230000	0.000000
0.230000	0.230000	0.000000
0.230000	0.230000	0.000000
0.230000	0.230000	0.000000
0.230000	0.230000	0.000000
0.240000	0.502266	0.219566
0.240000	0.795547	0.000000
0.240000	0.612863	0.000000
0.240000	0.483185	0.000000
0.240000	0.399043	0.000000
0.240000	0.343674	0.000000
0.240000	0.306423	0.000000
0.240000	0.281422	0.000000
0.240000	0.264959	0.000000
0.240000	0.254434	0.000000
0.240000	0.247955	0.000000
0.240000	0.244143	0.000000
0.240000	0.242018	0.000000
0.240000	0.240906	0.000000
0.240000	0.240369	0.000000
0.240000	0.240133	0.000000
0.240000	0.240041	0.000000
0.240000	0.240010	0.000000
0.240000	0.240002	0.000000
0.240000	0.240000	0.000000
0.240000	0.240000	0.000000
0.240000	0.240000	0.000000
0.240000	0.240000	0.000000
0.240000	0.240000	0.000000
0.250000	0.529445	0.214251
0.250000	0.832803	0.000000
0.250000	0.640540	0.000000
0.250000	0.503333	0.000000
0.250000	0.415320	0.000000
0.250000	0.357725	0.000000
0.250000	0.319015	0.000000
0.250000	0.293038	0.000000
0.250000	0.275931	0.000000
0.250000	0.264995	0.000000
0.250000	0.258262	0.000000
0.250000	0.254302	0.000000
0.250000	0.252094	0.000000
0.250000	0.250940	0.000000
0.250000	0.250383	0.000000
0.250000	0.250138	0.000000
0.250000	0.250042	0.000000
0.250000	0.250011	0.000000
0.250000	0.250002	0.000000
0.250000	0.250000	0.000000
0.250000	0.250000	0.000000
0.250000	0.250000	0.000000
0.250000	0.250000	0.000000
0.250000	0.250000	0.000000
0.260000	0.555639	0.208090
0.260000	0.870437	0.000000
0.260000	0.668614	0.000000
0.260000	0.523484	0.000000
0.260000	0.431556	0.000000
0.260000	0.371752	0.000000
0.260000	0.331594	0.000000
0.260000	0.304645	0.000000
0.260000	0.286898	0.000000
0.260000	0.275552	0.000000
0.260000	0.268568	0.000000
0.260000	0.264460	0.000000
0.260000	0.262171	0.000000
0.260000	0.260974	0.000000
0.260000	0.260396	0.000000
0.260000	0.260143	0.000000
0.260000	0.260044	0.000000
0.260000	0.260011	0.000000
0.260000	0.260002	0.000000
0.260000	0.260000	0.000000
0.260000	0.260000	0.000000
0.260000	0.260000	0.000000
0.260000	0.260000	0.000000
0.260000	0.260000	0.000000
0.270000	0.580884	0.201252
0.270000	0.908420	0.000000
0.270000	0.697132	0.000000
0.270000	0.543637	0.000000
0.270000	0.447748	0.000000
0.270000	0.385754	0.000000
0.270000	0.344158	0.000000
0.270000	0.316245	0.000000
0.270000	0.297860	0.000000
0.270000	0.286107	0.000000
0.270000	0.278872	0.000000
0.270000	0.274617	0.000000
0.270000	0.272246	0.000000
0.270000	0.271008	0.000000
0.270000	0.270410	0.000000
0.270000	0.270147	0.000000
0.270000	0.270045	0.000000
0.270000	0.270011	0.000000
0.270000	0.270002	0.000000
0.270000	0.270000	0.000000
0.270000	0.270000	0.000000
0.270000	0.270000	0.000000
0.270000	0.270000	0.000000
0.270000	0.270000	0.000000
0.280000	0.605227	0.193877
0.280000	0.946715	0.000000
0.280000	0.726141	0.000000
0.280000	0.563795	0.000000
0.280000	0.463894	0.000000
0.280000	0.399732	0.000000
0.280000	0.356709	0.000000
0.280000	0.327836	0.000000
0.280000	0.308817	0.000000
0.280000	0.296658	0.000000
0.280000	0.289175	0.000000
0.280000	0.284774	0.000000
0.280000	0.282322	0.000000
0.280000	0.281041	0.000000
0.280000	0.280423	0.000000
0.280000	0.280152	0.000000
0.280000	0.280047	0.000000
0.280000	0.280012	0.000000
0.280000	0.280002	0.000000
0.280000	0.280000	0.000000
0.280000	0.280000	0.000000
0.280000	0.280000	0.000000
0.280000	0.280000	0.000000
0.280000	0.280000	0.000000
0.290000	0.628726	0.186081
0.290000	0.985285	0.000000
0.290000	0.755682	0.000000
0.290000	0.583957	0.000000
0.290000	0.479992	0.000000
0.290000	0.413684	0.000000
0.290000	0.369246	0.000000
0.290000	0.339419	0.000000
0.290000	0.319770	0.000000
0.290000	0.307207	0.000000
0.290000	0.299475	0.000000
0.290000	0.294929	0.000000
0.290000	0.292397	0.000000
0.290000	0.291074	0.000000
0.290000	0.290436	0.000000
0.290000	0.290157	0.000000
0.290000	0.290048	0.000000
0.290000	0.290012	0.000000
0.290000	0.290002	0.000000
0.290000	0.290000	0.000000
0.290000	0.290000	0.000000
0.290000	0.290000	0.000000
0.290000	0.290000	0.000000
0.290000	0.290000	0.000000
0.300000	0.651441	0.177960
0.300000	0.785783	0.000000
0.300000	0.604124	0.000000
0.300000	0.496039	0.000000
0.300000	0.427611	0.000000
0.300000	0.381769	0.000000
0.300000	0.350994	0.000000
0.300000	0.330718	0.000000
0.300000	0.317753	0.000000
0.300000	0.309774	0.000000
0.300000	0.305083	0.000000
0.300000	0.302471	0.000000
0.300000	0.301107	0.000000
0.300000	0.300449	0.000000
0.300000	0.300161	0.000000
0.300000	0.300049	0.000000
0.300000	0.300012	0.000000
0.300000	0.300002	0.000000
0.300000	0.300000	0.000000
0.300000	0.300000	0.000000
0.300000	0.300000	0.000000
0.300000	0.300000	0.000000
0.300000	0.300000	0.000000
0.310000	0.673439	0.169592
0.310000	0.816452	0.000000
0.310000	0.624298	0.000000
0.310000	0.512032	0.000000
0.310000	0.441512	0.000000
0.310000	0.394278	0.000000
0.310000	0.362561	0.000000
0.310000	0.341661	0.000000
0.310000	0.328296	0.000000
0.310000	0.320072	0.000000
0.310000	0.315237	0.000000
0.310000	0.312545	0.000000
0.310000	0.311140	0.000000
0.310000	0.310462	0.000000
0.310000	0.310166	0.000000
0.310000	0.310051	0.000000
0.310000	0.310013	0.000000
0.310000	0.310002	0.000000
0.310000	0.310000	0.000000
0.310000	0.310000	0.000000
0.310000	0.310000	0.000000
0.310000	0.310000	0.000000
0.310000	0.310000	0.000000
0.320000	0.694795	0.161039
0.320000	0.847671	0.000000
0.320000	0.644480	0.000000
0.320000	0.527968	0.000000
0.320000	0.455388	0.000000
0.320000	0.406774	0.000000
0.320000	0.374121	0.000000
0.320000	0.352599	0.000000
0.320000	0.338837	0.000000
0.320000	0.330368	0.000000
0.320000	0.325389	0.000000
0.320000	0.322618	0.000000
0.320000	0.321172	0.000000
0.320000	0.320475	0.000000
0.320000	0.320170	0.000000
0.320000	0.320052	0.000000
0.320000	0.320013	0.000000
0.320000	0.320002	0.000000
0.320000	0.320000	0.000000
0.320000	0.320000	0.000000
0.320000	0.320000	0.000000
0.320000	0.320000	0.000000
0.320000	0.320000	0.000000
0.330000	0.715589	0.152345
0.330000	0.879392	0.000000
0.330000	0.664672	0.000000
0.330000	0.543845	0.000000
0.330000	0.469237	0.000000
0.330000	0.419256	0.000000
0.330000	0.385672	0.000000
0.330000	0.363533	0.000000
0.330000	0.349375	0.000000
0.330000	0.340662	0.000000
0.330000	0.335541	0.000000
0.330000	0.332691	0.000000
0.330000	0.331204	0.000000
0.330000	0.330488	0.000000
0.330000	0.330175	0.000000
0.330000	0.330053	0.000000
0.330000	0.330013	0.000000
0.330000	0.330002	0.000000
0.330000	0.330000	0.000000
0.330000	0.330000	0.000000
0.330000	0.330000	0.000000
0.330000	0.330000	0.000000
0.330000	0.330000	0.000000
0.340000	0.735910	0.143526
0.340000	0.911543	0.000000
0.340000	0.684877	0.000000
0.340000	0.559660	0.000000
0.340000	0.483060	0.000000
0.340000	0.431725	0.000000
0.340000	0.397216	0.000000
0.340000	0.374462	0.000000
0.340000	0.359910	0.000000
0.340000	0.350954	0.000000
0.340000	0.345692	0.000000
0.340000	0.342763	0.000000
0.340000	0.341236	0.000000
0.340000	0.340501	0.000000
0.340000	0.340179	0.000000
0.340000	0.340055	0.000000
0.340000	0.340014	0.000000
0.340000	0.340003	0.000000
0.340000	0.340000	0.000000
0.340000	0.340000	0.000000
0.340000	0.340000	0.000000
0.340000	0.340000	0.000000
0.340000	0.340000	0.000000
0.350000	0.755845	0.134571
0.350000	0.944033	0.000000
0.350000	0.705099	0.000000
0.350000	0.575409	0.000000
0.350000	0.496856	0.000000
0.350000	0.444180	0.000000
0.350000	0.408752	0.000000
0.350000	0.385387	0.000000
0.350000	0.370442	0.000000
0.350000	0.361246	0.000000
0.350000	0.355842	0.000000
0.350000	0.352835	0.000000
0.350000	0.351268	0.000000
0.350000	0.350513	0.000000
0.350000	0.350184	0.000000
0.350000	0.350056	0.000000
0.350000	0.350014	0.000000
0.350000	0.350003	0.000000
0.350000	0.350000	0.000000
0.350000	0.350000	0.000000
0.350000	0.350000	0.000000
0.350000	0.350000	0.000000
0.350000	0.350000	0.000000
0.360000	0.775481	0.125435
0.360000	0.976766	0.000000
0.360000	0.725343	0.000000
0.360000	0.591090	0.000000
0.360000	0.510625	0.000000
0.360000	0.456622	0.000000
0.360000	0.420281	0.000000
0.360000	0.396307	0.000000
0.360000	0.380972	0.000000
0.360000	0.371535	0.000000
0.360000	0.365991	0.000000
0.360000	0.362907	0.000000
0.360000	0.361300	0.000000
0.360000	0.360526	0.000000
0.360000	0.360188	0.000000
0.360000	0.360057	0.000000
0.360000	0.360014	0.000000
0.360000	0.360003	0.000000
0.360000	0.360000	0.000000
0.360000	0.360000	0.000000
0.360000	0.360000	0.000000
0.360000	0.360000	0.000000
0.360000	0.360000	0.000000
0.370000	0.794892	0.116032
0.370000	0.745618	0.000000
0.370000	0.606700	0.000000
0.370000	0.524367	0.000000
0.370000	0.469050	0.000000
0.370000	0.431802	0.000000
0.370000	0.407223	0.000000
0.370000	0.391499	0.000000
0.370000	0.381823	0.000000
0.370000	0.376139	0.000000
0.370000	0.372978	0.000000
0.370000	0.371331	0.000000
0.370000	0.370538	0.000000
0.370000	0.370192	0.000000
0.370000	0.370059	0.000000
0.370000	0.370014	0.000000
0.370000	0.370003	0.000000
0.370000	0.370000	0.000000
0.370000	0.370000	0.000000
0.370000	0.370000	0.000000
0.370000	0.370000	0.000000
0.370000	0.370000	0.000000
0.380000	0.814141	0.106232
0.380000	0.765939	0.000000
0.380000	0.622236	0.000000
0.380000	0.538083	0.000000
0.380000	0.481465	0.000000
0.380000	0.443316	0.000000
0.380000	0.418135	0.000000
0.380000	0.402024	0.000000
0.380000	0.392110	0.000000
0.380000	0.386286	0.000000
0.380000	0.383048	0.000000
0.380000	0.381362	0.000000
0.380000	0.380550	0.000000
0.380000	0.380196	0.000000
0.380000	0.380060	0.000000
0.380000	0.380015	0.000000
0.380000	0.380003	0.000000
0.380000	0.380000	0.000000
0.380000	0.380000	0.000000
0.380000	0.380000	0.000000
0.380000	0.380000	0.000000
0.380000	0.380000	0.000000
0.390000	0.833271	0.095837
0.390000	0.786330	0.000000
0.390000	0.637697	0.000000
0.390000	0.551771	0.000000
0.390000	0.493867	0.000000
0.390000	0.454822	0.000000
0.390000	0.429042	0.000000
0.390000	0.412546	0.000000
0.390000	0.402395	0.000000
0.390000	0.396433	0.000000
0.390000	0.393118	0.000000
0.390000	0.391393	0.000000
0.390000	0.390563	0.000000
0.390000	0.390201	0.000000
0.390000	0.390061	0.000000
0.390000	0.390015	0.000000
0.390000	0.390003	0.000000
0.390000	0.390000	0.000000
0.390000	0.390000	0.000000
0.390000	0.390000	0.000000
0.390000	0.390000	0.000000
0.390000	0.390000	0.000000
0.400000	0.852304	0.084541
0.400000	0.806837	0.000000
0.400000	0.653080	0.000000
0.400000	0.565432	0.000000
0.400000	0.506255	0.000000
0.400000	0.466321	0.000000
0.400000	0.439945	0.000000
0.400000	0.423065	0.000000
0.400000	0.412679	0.000000
0.400000	0.406579	0.000000
0.400000	0.403188	0.000000
0.400000	0.401423	0.000000
0.400000	0.400575	0.000000
0.400000	0.400205	0.000000
0.400000	0.400062	0.000000
0.400000	0.400015	0.000000
0.400000	0.400003	0.000000
0.400000	0.400000	0.000000
0.400000	0.400000	0.000000
0.400000	0.400000	0.000000
0.400000	0.400000	0.000000
0.400000	0.400000	0.000000
0.410000	0.871225	0.071810
0.410000	0.827558	0.000000
0.410000	0.668384	0.000000
0.410000	0.579067	0.000000
0.410000	0.518631	0.000000
0.410000	0.477813	0.000000
0.410000	0.450843	0.000000
0.410000	0.433582	0.000000
0.410000	0.422961	0.000000
0.410000	0.416724	0.000000
0.410000	0.413257	0.000000
0.410000	0.411454	0.000000
0.410000	0.410587	0.000000
0.410000	0.410209	0.000000
0.410000	0.410063	0.000000
0.410000	0.410016	0.000000
0.410000	0.410003	0.000000
0.410000	0.410000	0.000000
0.410000	0.410000	0.000000
0.410000	0.410000	0.000000
0.410000	0.410000	0.000000
0.410000	0.410000	0.000000
0.420000	0.889925	0.056502
0.420000	0.848760	0.000000
0.420000	0.683608	0.000000
0.420000	0.592674	0.000000
0.420000	0.530994	0.000000
0.420000	0.489298	0.000000
0.420000	0.461738	0.000000
0.420000	0.444097	0.000000
0.420000	0.433242	0.000000
0.420000	0.426868	0.000000
0.420000	0.423326	0.000000
0.420000	0.421484	0.000000
0.420000	0.420599	0.000000
0.420000	0.420213	0.000000
0.420000	0.420065	0.000000
0.420000	0.420016	0.000000
0.420000	0.420003	0.000000
0.420000	0.420000	0.000000
0.420000	0.420000	0.000000
0.420000	0.420000	0.000000
0.420000	0.420000	0.000000
0.420000	0.420000	0.000000
0.430000	0.907847	0.034734
0.430000	0.871593	0.000000
0.430000	0.698751	0.000000
0.430000	0.606255	0.000000
0.430000	0.543344	0.000000
0.430000	0.500775	0.000000
0.430000	0.472628	0.000000
0.430000	0.454609	0.000000
0.430000	0.443521	0.000000
0.430000	0.437011	0.000000
0.430000	0.433395	0.000000
0.430000	0.431514	0.000000
0.430000	0.430610	0.000000
0.430000	0.430217	0.000000
0.430000	0.430066	0.000000
0.430000	0.430016	0.000000
0.430000	0.430003	0.000000
0.430000	0.430000	0.000000
0.430000	0.430000	0.000000
0.430000	0.430000	0.000000
0.430000	0.430000	0.000000
0.430000	0.430000	0.000000
0.440000	0.894963	0.013521
0.440000	0.956141	0.000000
0.440000	0.713813	0.000000
0.440000	0.619810	0.000000
0.440000	0.555681	0.000000
0.440000	0.512246	0.000000
0.440000	0.483515	0.000000
0.440000	0.465119	0.000000
0.440000	0.453799	0.000000
0.440000	0.447154	0.000000
0.440000	0.443463	0.000000
0.440000	0.441543	0.000000
0.440000	0.440622	0.000000
0.440000	0.440221	0.000000
0.440000	0.440067	0.000000
0.440000	0.440016	0.000000
0.440000	0.440003	0.000000
0.440000	0.440000	0.000000
0.440000	0.440000	0.000000
0.440000	0.440000	0.000000
0.440000	0.440000	0.000000
0.440000	0.440000	0.000000
0.450000	0.902934	0.014294
0.450000	0.999097	0.000000
0.450000	0.728795	0.000000
0.450000	0.633337	0.000000
0.450000	0.568006	0.000000
0.450000	0.523710	0.000000
0.450000	0.494397	0.000000
0.450000	0.475626	0.000000
0.450000	0.464076	0.000000
0.450000	0.457296	0.000000
0.450000	0.453530	0.000000
0.450000	0.451573	0.000000
0.450000	0.450634	0.000000
0.450000	0.450225	0.000000
0.450000	0.450068	0.000000
0.450000	0.450017	0.000000
0.450000	0.450003	0.000000
0.450000	0.450000	0.000000
0.450000	0.450000	0.000000
0.450000	0.450000	0.000000
0.450000	0.450000	0.000000
0.450000	0.450000	0.000000
0.460000	0.914889	0.008330
0.460000	0.743698	0.000000
0.460000	0.646839	0.000000
0.460000	0.580319	0.000000
0.460000	0.535167	0.000000
0.460000	0.505276	0.000000
0.460000	0.486131	0.000000
0.460000	0.474351	0.000000
0.460000	0.467437	0.000000
0.460000	0.463598	0.000000
0.460000	0.461602	0.000000
0.460000	0.460645	0.000000
0.460000	0.460229	0.000000
0.460000	0.460069	0.000000
0.460000	0.460017	0.000000
0.460000	0.460003	0.000000
0.460000	0.460000	0.000000
0.460000	0.460000	0.000000
0.460000	0.460000	0.000000
0.460000	0.460000	0.000000
0.460000	0.460000	0.000000
0.470000	0.939870	0.000000
0.470000	0.916997	0.000000
0.470000	0.758524	0.000000
0.470000	0.660315	0.000000
0.470000	0.592619	0.000000
0.470000	0.546617	0.000000
0.470000	0.516150	0.000000
0.470000	0.496634	0.000000
0.470000	0.484625	0.000000
0.470000	0.477577	0.000000
0.470000	0.473664	0.000000
0.470000	0.471631	0.000000
0.470000	0.470657	0.000000
0.470000	0.470233	0.000000
0.470000	0.470070	0.000000
0.470000	0.470017	0.000000
0.470000	0.470000	0.000000
0.470000	0.470003	0.000000
0.470000	0.470000	0.000000
0.470000	0.470000	0.000000
0.470000	0.470000	0.000000
0.470000	0.470000	0.000000
