0.001000	0.974079	0.000000
0.001000	0.845040	0.000000
0.001000	0.729490	0.000000
0.001000	0.626431	0.000000
0.001000	0.534903	0.000000
0.001000	0.453984	0.000000
0.001000	0.382791	0.000000
0.001000	0.320485	0.000000
0.001000	0.266267	0.000000
0.001000	0.219382	0.000000
0.001000	0.179114	0.000000
0.001000	0.144792	0.000000
0.001000	0.115783	0.000000
0.001000	0.091494	0.000000
0.001000	0.071368	0.000000
0.001000	0.054887	0.000000
0.001000	0.041567	0.000000
0.001000	0.030961	0.000000
0.001000	0.022659	0.000000
0.001000	0.016284	0.000000
0.010000	0.991029	0.000000
0.010000	0.765427	0.000000
0.010000	0.582631	0.000000
0.010000	0.436806	0.000000
0.010000	0.322306	0.000000
0.010000	0.233890	0.000000
0.010000	0.166844	0.000000
0.010000	0.117027	0.000000
0.010000	0.080863	0.000000
0.010000	0.055310	0.000000
0.010000	0.037816	0.000000
0.010000	0.026282	0.000000
0.010000	0.019016	0.000000
0.020000	0.021220	0.020964
0.020000	0.915304	0.000000
0.020000	0.671144	0.000000
0.020000	0.483591	0.000000
0.020000	0.342548	0.000000
0.020000	0.238727	0.000000
0.020000	0.164036	0.000000
0.020000	0.111671	0.000000
0.020000	0.076047	0.000000
0.020000	0.052673	0.000000
0.020000	0.038019	0.000000
0.020000	0.029333	0.000000
0.020000	0.024486	0.000000
0.020000	0.021966	0.000000
0.020000	0.020769	0.000000
0.020000	0.020261	0.000000
0.020000	0.020075	0.000000
0.020000	0.020017	0.000000
0.020000	0.020003	0.000000
0.020000	0.020000	0.000000
0.020000	0.020000	0.000000
0.020000	0.020000	0.000000
0.020000	0.020000	0.000000
0.020000	0.020000	0.000000
0.020000	0.020000	0.000000
0.020000	0.020000	0.000000
0.020000	0.020000	0.000000
0.030000	0.031957	0.031457
0.030000	0.747851	0.000000
0.030000	0.526921	0.000000
0.030000	0.365151	0.000000
0.030000	0.249582	0.000000
0.030000	0.169119	0.000000
0.030000	0.114704	0.000000
0.030000	0.079173	0.000000
0.030000	0.057008	0.000000
0.030000	0.043950	0.000000
0.030000	0.036698	0.000000
0.030000	0.032934	0.000000
0.030000	0.031147	0.000000
0.030000	0.030390	0.000000
0.030000	0.030111	0.000000
0.030000	0.030025	0.000000
0.030000	0.030000	0.000000
0.030000	0.030004	0.000000
0.030000	0.030000	0.000000
0.030000	0.030000	0.000000
0.030000	0.030000	0.000000
0.030000	0.030000	0.000000
0.030000	0.030000	0.000000
0.030000	0.030000	0.000000
0.030000	0.030000	0.000000
0.040000	0.043258	0.043104
0.040000	0.719456	0.000000
0.040000	0.496287	0.000000
0.040000	0.337564	0.000000
0.040000	0.227698	0.000000
0.040000	0.153809	0.000000
0.040000	0.105788	0.000000
0.040000	0.075982	0.000000
0.040000	0.058536	0.000000
0.040000	0.048891	0.000000
0.040000	0.043893	0.000000
0.040000	0.041521	0.000000
0.040000	0.040516	0.000000
0.040000	0.040147	0.000000
0.040000	0.040033	0.000000
0.040000	0.040006	0.000000
0.040000	0.040000	0.000000
0.040000	0.040001	0.000000
0.040000	0.040000	0.000000
0.040000	0.040000	0.000000
0.040000	0.040000	0.000000
0.040000	0.040000	0.000000
0.040000	0.040000	0.000000
0.040000	0.040000	0.000000
0.050000	0.055546	0.055011
0.050000	0.919302	0.000000
0.050000	0.632015	0.000000
0.050000	0.428030	0.000000
0.050000	0.287456	0.000000
0.050000	0.193385	0.000000
0.050000	0.132524	0.000000
0.050000	0.094942	0.000000
0.050000	0.073090	0.000000
0.050000	0.061064	0.000000
0.050000	0.054842	0.000000
0.050000	0.051891	0.000000
0.050000	0.050641	0.000000
0.050000	0.050182	0.000000
0.050000	0.050041	0.000000
0.050000	0.050007	0.000000
0.050000	0.050001	0.000000
0.050000	0.050000	0.000000
0.050000	0.050000	0.000000
0.050000	0.050000	0.000000
0.050000	0.050000	0.000000
0.050000	0.050000	0.000000
0.050000	0.050000	0.000000
0.050000	0.050000	0.000000
0.060000	0.068353	0.067213
0.060000	0.772092	0.000000
0.060000	0.521003	0.000000
0.060000	0.348442	0.000000
0.060000	0.233459	0.000000
0.060000	0.159389	0.000000
0.060000	0.113887	0.000000
0.060000	0.087612	0.000000
0.060000	0.073219	0.000000
0.060000	0.065783	0.000000
0.060000	0.062257	0.000000
0.060000	0.060765	0.000000
0.060000	0.060217	0.000000
0.060000	0.060049	0.000000
0.060000	0.060008	0.000000
0.060000	0.060000	0.000000
0.060000	0.060001	0.000000
0.060000	0.060000	0.000000
0.060000	0.060000	0.000000
0.060000	0.060000	0.000000
0.060000	0.060000	0.000000
0.060000	0.060000	0.000000
0.060000	0.060000	0.000000
0.070000	0.081881	0.079960
0.070000	0.916150	0.000000
0.070000	0.616469	0.000000
0.070000	0.410706	0.000000
0.070000	0.274063	0.000000
0.070000	0.186391	0.000000
0.070000	0.132816	0.000000
0.070000	0.102101	0.000000
0.070000	0.085355	0.000000
0.070000	0.076714	0.000000
0.070000	0.072620	0.000000
0.070000	0.070887	0.000000
0.070000	0.070252	0.000000
0.070000	0.070057	0.000000
0.070000	0.070010	0.000000
0.070000	0.070000	0.000000
0.070000	0.070001	0.000000
0.070000	0.070000	0.000000
0.070000	0.070000	0.000000
0.070000	0.070000	0.000000
0.070000	0.070000	0.000000
0.070000	0.070000	0.000000
0.070000	0.070000	0.000000
0.080000	0.096340	0.093169
0.080000	0.714367	0.000000
0.080000	0.474292	0.000000
0.080000	0.315233	0.000000
0.080000	0.213541	0.000000
0.080000	0.151729	0.000000
0.080000	0.116558	0.000000
0.080000	0.097472	0.000000
0.080000	0.087637	0.000000
0.080000	0.082978	0.000000
0.080000	0.081008	0.000000
0.080000	0.080286	0.000000
0.080000	0.080065	0.000000
0.080000	0.080011	0.000000
0.080000	0.080000	0.000000
0.080000	0.080001	0.000000
0.080000	0.080000	0.000000
0.080000	0.080000	0.000000
0.080000	0.080000	0.000000
0.080000	0.080000	0.000000
0.080000	0.080000	0.000000
0.080000	0.080000	0.000000
0.090000	0.111819	0.106791
0.090000	0.814584	0.000000
0.090000	0.539235	0.000000
0.090000	0.357006	0.000000
0.090000	0.240850	0.000000
0.090000	0.170624	0.000000
0.090000	0.130983	0.000000
0.090000	0.109571	0.000000
0.090000	0.098552	0.000000
0.090000	0.093333	0.000000
0.090000	0.091127	0.000000
0.090000	0.090319	0.000000
0.090000	0.090072	0.000000
0.090000	0.090012	0.000000
0.090000	0.090001	0.000000
0.090000	0.090000	0.000000
0.090000	0.090000	0.000000
0.090000	0.090000	0.000000
0.090000	0.090000	0.000000
0.090000	0.090000	0.000000
0.090000	0.090000	0.000000
0.090000	0.090000	0.000000
0.100000	0.128477	0.120816
0.100000	0.916961	0.000000
0.100000	0.605553	0.000000
0.100000	0.399425	0.000000
0.100000	0.268333	0.000000
0.100000	0.189501	0.000000
0.100000	0.145373	0.000000
0.100000	0.121651	0.000000
0.100000	0.109457	0.000000
0.100000	0.103684	0.000000
0.100000	0.101245	0.000000
0.100000	0.100352	0.000000
0.100000	0.100079	0.000000
0.100000	0.100013	0.000000
0.100000	0.100002	0.000000
0.100000	0.100000	0.000000
0.100000	0.100000	0.000000
0.100000	0.100000	0.000000
0.100000	0.100000	0.000000
0.100000	0.100000	0.000000
0.100000	0.100000	0.000000
0.100000	0.100000	0.000000
0.110000	0.146532	0.135155
0.110000	0.673247	0.000000
0.110000	0.442533	0.000000
0.110000	0.296006	0.000000
0.110000	0.208359	0.000000
0.110000	0.159731	0.000000
0.110000	0.133712	0.000000
0.110000	0.120354	0.000000
0.110000	0.114032	0.000000
0.110000	0.111362	0.000000
0.110000	0.110385	0.000000
0.110000	0.110087	0.000000
0.110000	0.110015	0.000000
0.110000	0.110002	0.000000
0.110000	0.110000	0.000000
0.110000	0.110000	0.000000
0.110000	0.110000	0.000000
0.110000	0.110000	0.000000
0.110000	0.110000	0.000000
0.110000	0.110000	0.000000
0.110000	0.110000	0.000000
0.120000	0.166194	0.149649
0.120000	0.742295	0.000000
0.120000	0.486372	0.000000
0.120000	0.323889	0.000000
0.120000	0.227195	0.000000
0.120000	0.174054	0.000000
0.120000	0.145756	0.000000
0.120000	0.131243	0.000000
0.120000	0.124376	0.000000
0.120000	0.121477	0.000000
0.120000	0.120417	0.000000
0.120000	0.120094	0.000000
0.120000	0.120016	0.000000
0.120000	0.120000	0.000000
0.120000	0.120002	0.000000
0.120000	0.120000	0.000000
0.120000	0.120000	0.000000
0.120000	0.120000	0.000000
0.120000	0.120000	0.000000
0.120000	0.120000	0.000000
0.120000	0.120000	0.000000
0.130000	0.187677	0.164063
0.130000	0.812651	0.000000
0.130000	0.530985	0.000000
0.130000	0.352005	0.000000
0.130000	0.246010	0.000000
0.130000	0.188343	0.000000
0.130000	0.157781	0.000000
0.130000	0.142123	0.000000
0.130000	0.134717	0.000000
0.130000	0.131591	0.000000
0.130000	0.130449	0.000000
0.130000	0.130101	0.000000
0.130000	0.130017	0.000000
0.130000	0.130002	0.000000
0.130000	0.130000	0.000000
0.130000	0.130000	0.000000
0.130000	0.130000	0.000000
0.130000	0.130000	0.000000
0.130000	0.130000	0.000000
0.130000	0.130000	0.000000
0.130000	0.130000	0.000000
0.140000	0.211163	0.178060
0.140000	0.884247	0.000000
0.140000	0.576408	0.000000
0.140000	0.380380	0.000000
0.140000	0.264801	0.000000
0.140000	0.202597	0.000000
0.140000	0.169789	0.000000
0.140000	0.152995	0.000000
0.140000	0.145054	0.000000
0.140000	0.141703	0.000000
0.140000	0.140480	0.000000
0.140000	0.140108	0.000000
0.140000	0.140018	0.000000
0.140000	0.140000	0.000000
0.140000	0.140002	0.000000
0.140000	0.140000	0.000000
0.140000	0.140000	0.000000
0.140000	0.140000	0.000000
0.140000	0.140000	0.000000
0.140000	0.140000	0.000000
0.140000	0.140000	0.000000
0.150000	0.236748	0.191186
0.150000	0.956996	0.000000
0.150000	0.622672	0.000000
0.150000	0.409045	0.000000
0.150000	0.283567	0.000000
0.150000	0.216816	0.000000
0.150000	0.181778	0.000000
0.150000	0.163859	0.000000
0.150000	0.155387	0.000000
0.150000	0.151814	0.000000
0.150000	0.150511	0.000000
0.150000	0.150114	0.000000
0.150000	0.150019	0.000000
0.150000	0.150000	0.000000
0.150000	0.150002	0.000000
0.150000	0.150000	0.000000
0.150000	0.150000	0.000000
0.150000	0.150000	0.000000
0.150000	0.150000	0.000000
0.150000	0.150000	0.000000
0.150000	0.150000	0.000000
0.160000	0.264362	0.202905
0.160000	0.669795	0.000000
0.160000	0.438038	0.000000
0.160000	0.302305	0.000000
0.160000	0.230999	0.000000
0.160000	0.193751	0.000000
0.160000	0.174715	0.000000
0.160000	0.165717	0.000000
0.160000	0.161924	0.000000
0.160000	0.160541	0.000000
0.160000	0.160121	0.000000
0.160000	0.160020	0.000000
0.160000	0.160000	0.000000
0.160000	0.160002	0.000000
0.160000	0.160000	0.000000
0.160000	0.160000	0.000000
0.160000	0.160000	0.000000
0.160000	0.160000	0.000000
0.160000	0.160000	0.000000
0.160000	0.160000	0.000000
0.170000	0.293722	0.212692
0.170000	0.717784	0.000000
0.170000	0.467399	0.000000
0.170000	0.321013	0.000000
0.170000	0.245146	0.000000
0.170000	0.205705	0.000000
0.170000	0.185563	0.000000
0.170000	0.176044	0.000000
0.170000	0.172032	0.000000
0.170000	0.170571	0.000000
0.170000	0.170128	0.000000
0.170000	0.170021	0.000000
0.170000	0.170000	0.000000
0.170000	0.170002	0.000000
0.170000	0.170000	0.000000
0.170000	0.170000	0.000000
0.170000	0.170000	0.000000
0.170000	0.170000	0.000000
0.170000	0.170000	0.000000
0.170000	0.170000	0.000000
0.180000	0.324339	0.220145
0.180000	0.766628	0.000000
0.180000	0.497179	0.000000
0.180000	0.339689	0.000000
0.180000	0.259256	0.000000
0.180000	0.217642	0.000000
0.180000	0.196404	0.000000
0.180000	0.186368	0.000000
0.180000	0.182140	0.000000
0.180000	0.180600	0.000000
0.180000	0.180134	0.000000
0.180000	0.180022	0.000000
0.180000	0.180000	0.000000
0.180000	0.180002	0.000000
0.180000	0.180000	0.000000
0.180000	0.180000	0.000000
0.180000	0.180000	0.000000
0.180000	0.180000	0.000000
0.180000	0.180000	0.000000
0.180000	0.180000	0.000000
0.190000	0.355614	0.225081
0.190000	0.816303	0.000000
0.190000	0.527431	0.000000
0.190000	0.358328	0.000000
0.190000	0.273329	0.000000
0.190000	0.229562	0.000000
0.190000	0.207236	0.000000
0.190000	0.196688	0.000000
0.190000	0.192246	0.000000
0.190000	0.190630	0.000000
0.190000	0.190140	0.000000
0.190000	0.190023	0.000000
0.190000	0.190000	0.000000
0.190000	0.190003	0.000000
0.190000	0.190000	0.000000
0.190000	0.190000	0.000000
0.190000	0.190000	0.000000
0.190000	0.190000	0.000000
0.190000	0.190000	0.000000
0.190000	0.190000	0.000000
0.200000	0.386960	0.227548
0.200000	0.866767	0.000000
0.200000	0.558219	0.000000
0.200000	0.376929	0.000000
0.200000	0.287365	0.000000
0.200000	0.241465	0.000000
0.200000	0.218061	0.000000
0.200000	0.207005	0.000000
0.200000	0.202351	0.000000
0.200000	0.200658	0.000000
0.200000	0.200146	0.000000
0.200000	0.200024	0.000000
0.200000	0.200003	0.000000
0.200000	0.200000	0.000000
0.200000	0.200000	0.000000
0.200000	0.200000	0.000000
0.200000	0.200000	0.000000
0.200000	0.200000	0.000000
0.200000	0.200000	0.000000
0.200000	0.200000	0.000000
0.210000	0.417898	0.227769
0.210000	0.917965	0.000000
0.210000	0.589609	0.000000
0.210000	0.395486	0.000000
0.210000	0.301362	0.000000
0.210000	0.253351	0.000000
0.210000	0.228879	0.000000
0.210000	0.217319	0.000000
0.210000	0.212454	0.000000
0.210000	0.210687	0.000000
0.210000	0.210153	0.000000
0.210000	0.210000	0.000000
0.210000	0.210025	0.000000
0.210000	0.210003	0.000000
0.210000	0.210000	0.000000
0.210000	0.210000	0.000000
0.210000	0.210000	0.000000
0.210000	0.210000	0.000000
0.210000	0.210000	0.000000
0.210000	0.210000	0.000000
0.220000	0.448094	0.226057
0.220000	0.969832	0.000000
0.220000	0.621675	0.000000
0.220000	0.413994	0.000000
0.220000	0.315321	0.000000
0.220000	0.265220	0.000000
0.220000	0.239689	0.000000
0.220000	0.227630	0.000000
0.220000	0.222557	0.000000
0.220000	0.220715	0.000000
0.220000	0.220159	0.000000
0.220000	0.220026	0.000000
0.220000	0.220000	0.000000
0.220000	0.220003	0.000000
0.220000	0.220000	0.000000
0.220000	0.220000	0.000000
0.220000	0.220000	0.000000
0.220000	0.220000	0.000000
0.220000	0.220000	0.000000
0.220000	0.220000	0.000000
0.230000	0.477349	0.222745
0.230000	0.654487	0.000000
0.230000	0.432450	0.000000
0.230000	0.329241	0.000000
0.230000	0.277072	0.000000
0.230000	0.250491	0.000000
0.230000	0.237937	0.000000
0.230000	0.232658	0.000000
0.230000	0.230742	0.000000
0.230000	0.230164	0.000000
0.230000	0.230027	0.000000
0.230000	0.230000	0.000000
0.230000	0.230003	0.000000
0.230000	0.230000	0.000000
0.230000	0.230000	0.000000
0.230000	0.230000	0.000000
0.230000	0.230000	0.000000
0.230000	0.230000	0.000000
0.230000	0.230000	0.000000
0.240000	0.505569	0.218147
0.240000	0.688110	0.000000
0.240000	0.450845	0.000000
0.240000	0.343122	0.000000
0.240000	0.288908	0.000000
0.240000	0.261287	0.000000
0.240000	0.248242	0.000000
0.240000	0.242758	0.000000
0.240000	0.240769	0.000000
0.240000	0.240170	0.000000
0.240000	0.240028	0.000000
0.240000	0.240000	0.000000
0.240000	0.240003	0.000000
0.240000	0.240000	0.000000
0.240000	0.240000	0.000000
0.240000	0.240000	0.000000
0.240000	0.240000	0.000000
0.240000	0.240000	0.000000
0.240000	0.240000	0.000000
0.250000	0.532728	0.212540
0.250000	0.722594	0.000000
0.250000	0.469173	0.000000
0.250000	0.356963	0.000000
0.250000	0.300728	0.000000
0.250000	0.272075	0.000000
0.250000	0.258544	0.000000
0.250000	0.252857	0.000000
0.250000	0.250796	0.000000
0.250000	0.250176	0.000000
0.250000	0.250000	0.000000
0.250000	0.250029	0.000000
0.250000	0.250003	0.000000
0.250000	0.250000	0.000000
0.250000	0.250000	0.000000
0.250000	0.250000	0.000000
0.250000	0.250000	0.000000
0.250000	0.250000	0.000000
0.250000	0.250000	0.000000
0.260000	0.558855	0.206164
0.260000	0.757964	0.000000
0.260000	0.487426	0.000000
0.260000	0.370764	0.000000
0.260000	0.312531	0.000000
0.260000	0.282856	0.000000
0.260000	0.268842	0.000000
0.260000	0.262955	0.000000
0.260000	0.260823	0.000000
0.260000	0.260182	0.000000
0.260000	0.260030	0.000000
0.260000	0.260000	0.000000
0.260000	0.260003	0.000000
0.260000	0.260000	0.000000
0.260000	0.260000	0.000000
0.260000	0.260000	0.000000
0.260000	0.260000	0.000000
0.260000	0.260000	0.000000
0.260000	0.260000	0.000000
0.270000	0.584014	0.199220
0.270000	0.794213	0.000000
0.270000	0.505593	0.000000
0.270000	0.384524	0.000000
0.270000	0.324318	0.000000
0.270000	0.293630	0.000000
0.270000	0.279138	0.000000
0.270000	0.273052	0.000000
0.270000	0.270849	0.000000
0.270000	0.270187	0.000000
0.270000	0.270030	0.000000
0.270000	0.270000	0.000000
0.270000	0.270003	0.000000
0.270000	0.270000	0.000000
0.270000	0.270000	0.000000
0.270000	0.270000	0.000000
0.270000	0.270000	0.000000
0.270000	0.270000	0.000000
0.270000	0.270000	0.000000
0.280000	0.608294	0.191872
0.280000	0.831294	0.000000
0.280000	0.523663	0.000000
0.280000	0.398244	0.000000
0.280000	0.336089	0.000000
0.280000	0.304398	0.000000
0.280000	0.289431	0.000000
0.280000	0.283147	0.000000
0.280000	0.280874	0.000000
0.280000	0.280192	0.000000
0.280000	0.280031	0.000000
0.280000	0.280000	0.000000
0.280000	0.280003	0.000000
0.280000	0.280000	0.000000
0.280000	0.280000	0.000000
0.280000	0.280000	0.000000
0.280000	0.280000	0.000000
0.280000	0.280000	0.000000
0.280000	0.280000	0.000000
0.290000	0.631805	0.184248
0.290000	0.869122	0.000000
0.290000	0.541623	0.000000
0.290000	0.411922	0.000000
0.290000	0.347845	0.000000
0.290000	0.315158	0.000000
0.290000	0.299721	0.000000
0.290000	0.293242	0.000000
0.290000	0.290900	0.000000
0.290000	0.290198	0.000000
0.290000	0.290032	0.000000
0.290000	0.290000	0.000000
0.290000	0.290003	0.000000
0.290000	0.290000	0.000000
0.290000	0.290000	0.000000
0.290000	0.290000	0.000000
0.290000	0.290000	0.000000
0.290000	0.290000	0.000000
0.290000	0.290000	0.000000
0.300000	0.654669	0.176439
0.300000	0.907588	0.000000
0.300000	0.559456	0.000000
0.300000	0.425560	0.000000
0.300000	0.359585	0.000000
0.300000	0.325912	0.000000
0.300000	0.310009	0.000000
0.300000	0.303335	0.000000
0.300000	0.300925	0.000000
0.300000	0.300203	0.000000
0.300000	0.300033	0.000000
0.300000	0.300000	0.000000
0.300000	0.300004	0.000000
0.300000	0.300000	0.000000
0.300000	0.300000	0.000000
0.300000	0.300000	0.000000
0.300000	0.300000	0.000000
0.300000	0.300000	0.000000
0.300000	0.300000	0.000000
0.310000	0.677012	0.168498
0.310000	0.946563	0.000000
0.310000	0.577146	0.000000
0.310000	0.439155	0.000000
0.310000	0.371309	0.000000
0.310000	0.336660	0.000000
0.310000	0.320293	0.000000
0.310000	0.313428	0.000000
0.310000	0.310950	0.000000
0.310000	0.310208	0.000000
0.310000	0.310034	0.000000
0.310000	0.310000	0.000000
0.310000	0.310004	0.000000
0.310000	0.310000	0.000000
0.310000	0.310000	0.000000
0.310000	0.310000	0.000000
0.310000	0.310000	0.000000
0.310000	0.310000	0.000000
0.310000	0.310000	0.000000
0.320000	0.698954	0.160449
0.320000	0.985920	0.000000
0.320000	0.594671	0.000000
0.320000	0.452710	0.000000
0.320000	0.383018	0.000000
0.320000	0.347401	0.000000
0.320000	0.330575	0.000000
0.320000	0.323519	0.000000
0.320000	0.320974	0.000000
0.320000	0.320213	0.000000
0.320000	0.320034	0.000000
0.320000	0.320000	0.000000
0.320000	0.320004	0.000000
0.320000	0.320000	0.000000
0.320000	0.320000	0.000000
0.320000	0.320000	0.000000
0.320000	0.320000	0.000000
0.320000	0.320000	0.000000
0.320000	0.320000	0.000000
0.330000	0.720606	0.152286
0.330000	0.612007	0.000000
0.330000	0.466223	0.000000
0.330000	0.394713	0.000000
0.330000	0.358135	0.000000
0.330000	0.340854	0.000000
0.330000	0.333610	0.000000
0.330000	0.330998	0.000000
0.330000	0.330218	0.000000
0.330000	0.330035	0.000000
0.330000	0.330000	0.000000
0.330000	0.330004	0.000000
0.330000	0.330000	0.000000
0.330000	0.330000	0.000000
0.330000	0.330000	0.000000
0.330000	0.330000	0.000000
0.330000	0.330000	0.000000
0.330000	0.330000	0.000000
0.340000	0.742069	0.143981
0.340000	0.629127	0.000000
0.340000	0.479694	0.000000
0.340000	0.406392	0.000000
0.340000	0.368863	0.000000
0.340000	0.351131	0.000000
0.340000	0.343699	0.000000
0.340000	0.341022	0.000000
0.340000	0.340223	0.000000
0.340000	0.340036	0.000000
0.340000	0.340000	0.000000
0.340000	0.340004	0.000000
0.340000	0.340000	0.000000
0.340000	0.340000	0.000000
0.340000	0.340000	0.000000
0.340000	0.340000	0.000000
0.340000	0.340000	0.000000
0.340000	0.340000	0.000000
0.350000	0.763427	0.135492
0.350000	0.646003	0.000000
0.350000	0.493124	0.000000
0.350000	0.418056	0.000000
0.350000	0.379585	0.000000
0.350000	0.361405	0.000000
0.350000	0.353788	0.000000
0.350000	0.351045	0.000000
0.350000	0.350228	0.000000
0.350000	0.350036	0.000000
0.350000	0.350004	0.000000
0.350000	0.350000	0.000000
0.350000	0.350000	0.000000
0.350000	0.350000	0.000000
0.350000	0.350000	0.000000
0.350000	0.350000	0.000000
0.350000	0.350000	0.000000
0.350000	0.350000	0.000000
0.360000	0.784753	0.126758
0.360000	0.662604	0.000000
0.360000	0.506513	0.000000
0.360000	0.429706	0.000000
0.360000	0.390301	0.000000
0.360000	0.371676	0.000000
0.360000	0.363875	0.000000
0.360000	0.361068	0.000000
0.360000	0.360233	0.000000
0.360000	0.360037	0.000000
0.360000	0.360000	0.000000
0.360000	0.360004	0.000000
0.360000	0.360000	0.000000
0.360000	0.360000	0.000000
0.360000	0.360000	0.000000
0.360000	0.360000	0.000000
0.360000	0.360000	0.000000
0.360000	0.360000	0.000000
0.370000	0.806108	0.117707
0.370000	0.678898	0.000000
0.370000	0.519861	0.000000
0.370000	0.441342	0.000000
0.370000	0.401010	0.000000
0.370000	0.381945	0.000000
0.370000	0.373962	0.000000
0.370000	0.371091	0.000000
0.370000	0.370237	0.000000
0.370000	0.370038	0.000000
0.370000	0.370000	0.000000
0.370000	0.370004	0.000000
0.370000	0.370000	0.000000
0.370000	0.370000	0.000000
0.370000	0.370000	0.000000
0.370000	0.370000	0.000000
0.370000	0.370000	0.000000
0.370000	0.370000	0.000000
0.380000	0.827541	0.108243
0.380000	0.694857	0.000000
0.380000	0.533169	0.000000
0.380000	0.452963	0.000000
0.380000	0.411714	0.000000
0.380000	0.392211	0.000000
0.380000	0.384048	0.000000
0.380000	0.381114	0.000000
0.380000	0.380242	0.000000
0.380000	0.380000	0.000000
0.380000	0.380039	0.000000
0.380000	0.380004	0.000000
0.380000	0.380000	0.000000
0.380000	0.380000	0.000000
0.380000	0.380000	0.000000
0.380000	0.380000	0.000000
0.380000	0.380000	0.000000
0.380000	0.380000	0.000000
0.390000	0.849091	0.098238
0.390000	0.710457	0.000000
0.390000	0.546435	0.000000
0.390000	0.464570	0.000000
0.390000	0.422412	0.000000
0.390000	0.402475	0.000000
0.390000	0.394132	0.000000
0.390000	0.391136	0.000000
0.390000	0.390246	0.000000
0.390000	0.390039	0.000000
0.390000	0.390004	0.000000
0.390000	0.390000	0.000000
0.390000	0.390000	0.000000
0.390000	0.390000	0.000000
0.390000	0.390000	0.000000
0.390000	0.390000	0.000000
0.390000	0.390000	0.000000
0.390000	0.390000	0.000000
0.400000	0.870786	0.087503
0.400000	0.725682	0.000000
0.400000	0.559663	0.000000
0.400000	0.476164	0.000000
0.400000	0.433104	0.000000
0.400000	0.412737	0.000000
0.400000	0.404216	0.000000
0.400000	0.401158	0.000000
0.400000	0.400251	0.000000
0.400000	0.400000	0.000000
0.400000	0.400040	0.000000
0.400000	0.400004	0.000000
0.400000	0.400000	0.000000
0.400000	0.400000	0.000000
0.400000	0.400000	0.000000
0.400000	0.400000	0.000000
0.400000	0.400000	0.000000
0.400000	0.400000	0.000000
0.410000	0.892643	0.075725
0.410000	0.740532	0.000000
0.410000	0.572850	0.000000
0.410000	0.487744	0.000000
0.410000	0.443790	0.000000
0.410000	0.422996	0.000000
0.410000	0.414299	0.000000
0.410000	0.411179	0.000000
0.410000	0.410000	0.000000
0.410000	0.410255	0.000000
0.410000	0.410040	0.000000
0.410000	0.410004	0.000000
0.410000	0.410000	0.000000
0.410000	0.410000	0.000000
0.410000	0.410000	0.000000
0.410000	0.410000	0.000000
0.410000	0.410000	0.000000
0.410000	0.410000	0.000000
0.420000	0.914668	0.062310
0.420000	0.755019	0.000000
0.420000	0.585999	0.000000
0.420000	0.499310	0.000000
0.420000	0.454471	0.000000
0.420000	0.433253	0.000000
0.420000	0.424381	0.000000
0.420000	0.421201	0.000000
0.420000	0.420259	0.000000
0.420000	0.420041	0.000000
0.420000	0.420000	0.000000
0.420000	0.420004	0.000000
0.420000	0.420000	0.000000
0.420000	0.420000	0.000000
0.420000	0.420000	0.000000
0.420000	0.420000	0.000000
0.420000	0.420000	0.000000
0.420000	0.420000	0.000000
0.430000	0.936856	0.045820
0.430000	0.769169	0.000000
0.430000	0.599110	0.000000
0.430000	0.510863	0.000000
0.430000	0.465146	0.000000
0.430000	0.443507	0.000000
0.430000	0.434462	0.000000
0.430000	0.431222	0.000000
0.430000	0.430263	0.000000
0.430000	0.430000	0.000000
0.430000	0.430042	0.000000
0.430000	0.430004	0.000000
0.430000	0.430000	0.000000
0.430000	0.430000	0.000000
0.430000	0.430000	0.000000
0.430000	0.430000	0.000000
0.430000	0.430000	0.000000
0.430000	0.430000	0.000000
0.440000	0.959194	0.019533
0.440000	0.783021	0.000000
0.440000	0.612183	0.000000
0.440000	0.522403	0.000000
0.440000	0.475815	0.000000
0.440000	0.453759	0.000000
0.440000	0.444543	0.000000
0.440000	0.441242	0.000000
0.440000	0.440268	0.000000
0.440000	0.440042	0.000000
0.440000	0.440000	0.000000
0.440000	0.440004	0.000000
0.440000	0.440000	0.000000
0.440000	0.440000	0.000000
0.440000	0.440000	0.000000
0.440000	0.440000	0.000000
0.440000	0.440000	0.000000
0.440000	0.440000	0.000000
0.450000	0.945941	0.000000
0.450000	0.796623	0.000000
0.450000	0.625220	0.000000
0.450000	0.533931	0.000000
0.450000	0.486479	0.000000
0.450000	0.464009	0.000000
0.450000	0.454622	0.000000
0.450000	0.451263	0.000000
0.450000	0.450272	0.000000
0.450000	0.450000	0.000000
0.450000	0.450043	0.000000
0.450000	0.450004	0.000000
0.450000	0.450000	0.000000
0.450000	0.450000	0.000000
0.450000	0.450000	0.000000
0.450000	0.450000	0.000000
0.450000	0.450000	0.000000
0.450000	0.450000	0.000000
0.460000	0.950580	0.000000
0.460000	0.810024	0.000000
0.460000	0.638221	0.000000
0.460000	0.545445	0.000000
0.460000	0.497138	0.000000
0.460000	0.474257	0.000000
0.460000	0.464701	0.000000
0.460000	0.461283	0.000000
0.460000	0.460000	0.000000
0.460000	0.460276	0.000000
0.460000	0.460043	0.000000
0.460000	0.460004	0.000000
0.460000	0.460000	0.000000
0.460000	0.460000	0.000000
0.460000	0.460000	0.000000
0.460000	0.460000	0.000000
0.460000	0.460000	0.000000
0.460000	0.460000	0.000000
0.470000	0.960305	0.000000
0.470000	0.823272	0.000000
0.470000	0.651187	0.000000
0.470000	0.556948	0.000000
0.470000	0.507792	0.000000
0.470000	0.484503	0.000000
0.470000	0.474778	0.000000
0.470000	0.471303	0.000000
0.470000	0.470000	0.000000
0.470000	0.470279	0.000000
0.470000	0.470044	0.000000
0.470000	0.470004	0.000000
0.470000	0.470000	0.000000
0.470000	0.470000	0.000000
0.470000	0.470000	0.000000
0.470000	0.470000	0.000000
0.470000	0.470000	0.000000
0.470000	0.470000	0.000000
