0.001000	0.935722	0.000000
0.001000	0.731489	0.000000
0.001000	0.570730	0.000000
0.001000	0.444399	0.000000
0.001000	0.345237	0.000000
0.001000	0.267485	0.000000
0.001000	0.206602	0.000000
0.001000	0.159011	0.000000
0.001000	0.121897	0.000000
0.001000	0.093037	0.000000
0.001000	0.070675	0.000000
0.001000	0.053420	0.000000
0.001000	0.040170	0.000000
0.001000	0.030052	0.000000
0.001000	0.022373	0.000000
0.001000	0.016585	0.000000
0.001000	0.012255	0.000000
0.010000	0.010198	0.010200
0.010000	0.762755	0.000000
0.010000	0.568062	0.000000
0.010000	0.421699	0.000000
0.010000	0.312093	0.000000
0.010000	0.230305	0.000000
0.010000	0.169519	0.000000
0.010000	0.124562	0.000000
0.010000	0.091510	0.000000
0.010000	0.067384	0.000000
0.010000	0.049921	0.000000
0.010000	0.037405	0.000000
0.010000	0.028537	0.000000
0.010000	0.022337	0.000000
0.010000	0.018070	0.000000
0.010000	0.015182	0.000000
0.010000	0.013263	0.000000
0.010000	0.012011	0.000000
0.010000	0.011210	0.000000
0.010000	0.010710	0.000000
0.010000	0.010404	0.000000
0.010000	0.010223	0.000000
0.010000	0.010119	0.000000
0.010000	0.010061	0.000000
0.010000	0.010030	0.000000
0.010000	0.010014	0.000000
0.010000	0.010006	0.000000
0.010000	0.010003	0.000000
0.010000	0.010001	0.000000
0.010000	0.010000	0.000000
0.010000	0.010000	0.000000
0.010000	0.010000	0.000000
0.010000	0.010000	0.000000
0.010000	0.010000	0.000000
0.010000	0.010000	0.000000
0.010000	0.010000	0.000000
0.010000	0.010000	0.000000
0.010000	0.010000	0.000000
0.010000	0.010000	0.000000
0.010000	0.010000	0.000000
0.010000	0.010000	0.000000
0.010000	0.010000	0.000000
0.010000	0.010000	0.000000
0.010000	0.010000	0.000000
0.020000	0.020763	0.020748
0.020000	0.883376	0.000000
0.020000	0.648521	0.000000
0.020000	0.474864	0.000000
0.020000	0.347142	0.000000
0.020000	0.253618	0.000000
0.020000	0.185454	0.000000
0.020000	0.136049	0.000000
0.020000	0.100490	0.000000
0.020000	0.075112	0.000000
0.020000	0.057190	0.000000
0.020000	0.044698	0.000000
0.020000	0.036126	0.000000
0.020000	0.030344	0.000000
0.020000	0.026510	0.000000
0.020000	0.024010	0.000000
0.020000	0.022413	0.000000
0.020000	0.021415	0.000000
0.020000	0.020806	0.000000
0.020000	0.020445	0.000000
0.020000	0.020237	0.000000
0.020000	0.020121	0.000000
0.020000	0.020059	0.000000
0.020000	0.020028	0.000000
0.020000	0.020012	0.000000
0.020000	0.020005	0.000000
0.020000	0.020002	0.000000
0.020000	0.020001	0.000000
0.020000	0.020000	0.000000
0.020000	0.020000	0.000000
0.020000	0.020000	0.000000
0.020000	0.020000	0.000000
0.020000	0.020000	0.000000
0.020000	0.020000	0.000000
0.020000	0.020000	0.000000
0.020000	0.020000	0.000000
0.020000	0.020000	0.000000
0.020000	0.020000	0.000000
0.020000	0.020000	0.000000
0.020000	0.020000	0.000000
0.020000	0.020000	0.000000
0.020000	0.020000	0.000000
0.020000	0.020000	0.000000
0.020000	0.020000	0.000000
0.020000	0.020000	0.000000
0.020000	0.020000	0.000000
0.020000	0.020000	0.000000
0.020000	0.020000	0.000000
0.030000	0.031800	0.031686
0.030000	0.732520	0.000000
0.030000	0.532608	0.000000
0.030000	0.387151	0.000000
0.030000	0.281860	0.000000
0.030000	0.206024	0.000000
0.030000	0.151723	0.000000
0.030000	0.113130	0.000000
0.030000	0.085964	0.000000
0.030000	0.067083	0.000000
0.030000	0.054169	0.000000
0.030000	0.045485	0.000000
0.030000	0.039740	0.000000
0.030000	0.035999	0.000000
0.030000	0.033610	0.000000
0.030000	0.032116	0.000000
0.030000	0.031206	0.000000
0.030000	0.030665	0.000000
0.030000	0.030354	0.000000
0.030000	0.030181	0.000000
0.030000	0.030089	0.000000
0.030000	0.030041	0.000000
0.030000	0.030018	0.000000
0.030000	0.030008	0.000000
0.030000	0.030003	0.000000
0.030000	0.030001	0.000000
0.030000	0.030000	0.000000
0.030000	0.030000	0.000000
0.030000	0.030000	0.000000
0.030000	0.030000	0.000000
0.030000	0.030000	0.000000
0.030000	0.030000	0.000000
0.030000	0.030000	0.000000
0.030000	0.030000	0.000000
0.030000	0.030000	0.000000
0.030000	0.030000	0.000000
0.030000	0.030000	0.000000
0.030000	0.030000	0.000000
0.030000	0.030000	0.000000
0.030000	0.030000	0.000000
0.030000	0.030000	0.000000
0.030000	0.030000	0.000000
0.030000	0.030000	0.000000
0.030000	0.030000	0.000000
0.030000	0.030000	0.000000
0.030000	0.030000	0.000000
0.040000	0.043341	0.043056
0.040000	0.725374	0.000000
0.040000	0.525070	0.000000
0.040000	0.380748	0.000000
0.040000	0.277336	0.000000
0.040000	0.203641	0.000000
0.040000	0.151470	0.000000
0.040000	0.114863	0.000000
0.040000	0.089494	0.000000
0.040000	0.072197	0.000000
0.040000	0.060606	0.000000
0.040000	0.052953	0.000000
0.040000	0.047977	0.000000
0.040000	0.044800	0.000000
0.040000	0.042814	0.000000
0.040000	0.041603	0.000000
0.040000	0.040884	0.000000
0.040000	0.040471	0.000000
0.040000	0.040241	0.000000
0.040000	0.040118	0.000000
0.040000	0.040055	0.000000
0.040000	0.040024	0.000000
0.040000	0.040010	0.000000
0.040000	0.040004	0.000000
0.040000	0.040001	0.000000
0.040000	0.040000	0.000000
0.040000	0.040000	0.000000
0.040000	0.040000	0.000000
0.040000	0.040000	0.000000
0.040000	0.040000	0.000000
0.040000	0.040000	0.000000
0.040000	0.040000	0.000000
0.040000	0.040000	0.000000
0.040000	0.040000	0.000000
0.040000	0.040000	0.000000
0.040000	0.040000	0.000000
0.040000	0.040000	0.000000
0.040000	0.040000	0.000000
0.040000	0.040000	0.000000
0.040000	0.040000	0.000000
0.040000	0.040000	0.000000
0.040000	0.040000	0.000000
0.040000	0.040000	0.000000
0.040000	0.040000	0.000000
0.040000	0.040000	0.000000
0.050000	0.055451	0.054846
0.050000	0.924607	0.000000
0.050000	0.667181	0.000000
0.050000	0.482113	0.000000
0.050000	0.350017	0.000000
0.050000	0.256269	0.000000
0.050000	0.190145	0.000000
0.050000	0.143892	0.000000
0.050000	0.111931	0.000000
0.050000	0.090212	0.000000
0.050000	0.075706	0.000000
0.050000	0.066151	0.000000
0.050000	0.059945	0.000000
0.050000	0.055983	0.000000
0.050000	0.053507	0.000000
0.050000	0.051998	0.000000
0.050000	0.051102	0.000000
0.050000	0.050587	0.000000
0.050000	0.050300	0.000000
0.050000	0.050147	0.000000
0.050000	0.050068	0.000000
0.050000	0.050030	0.000000
0.050000	0.050012	0.000000
0.050000	0.050005	0.000000
0.050000	0.050002	0.000000
0.050000	0.050001	0.000000
0.050000	0.050000	0.000000
0.050000	0.050000	0.000000
0.050000	0.050000	0.000000
0.050000	0.050000	0.000000
0.050000	0.050000	0.000000
0.050000	0.050000	0.000000
0.050000	0.050000	0.000000
0.050000	0.050000	0.000000
0.050000	0.050000	0.000000
0.050000	0.050000	0.000000
0.050000	0.050000	0.000000
0.050000	0.050000	0.000000
0.050000	0.050000	0.000000
0.050000	0.050000	0.000000
0.050000	0.050000	0.000000
0.050000	0.050000	0.000000
0.050000	0.050000	0.000000
0.050000	0.050000	0.000000
0.050000	0.050000	0.000000
0.060000	0.068219	0.067082
0.060000	0.813175	0.000000
0.060000	0.585913	0.000000
0.060000	0.424090	0.000000
0.060000	0.309632	0.000000
0.060000	0.229172	0.000000
0.060000	0.173057	0.000000
0.060000	0.134395	0.000000
0.060000	0.108212	0.000000
0.060000	0.090785	0.000000
0.060000	0.079332	0.000000
0.060000	0.071901	0.000000
0.060000	0.067160	0.000000
0.060000	0.064197	0.000000
0.060000	0.062390	0.000000
0.060000	0.061318	0.000000
0.060000	0.060702	0.000000
0.060000	0.060359	0.000000
0.060000	0.060176	0.000000
0.060000	0.060082	0.000000
0.060000	0.060036	0.000000
0.060000	0.060015	0.000000
0.060000	0.060006	0.000000
0.060000	0.060002	0.000000
0.060000	0.060001	0.000000
0.060000	0.060000	0.000000
0.060000	0.060000	0.000000
0.060000	0.060000	0.000000
0.060000	0.060000	0.000000
0.060000	0.060000	0.000000
0.060000	0.060000	0.000000
0.060000	0.060000	0.000000
0.060000	0.060000	0.000000
0.060000	0.060000	0.000000
0.060000	0.060000	0.000000
0.060000	0.060000	0.000000
0.060000	0.060000	0.000000
0.060000	0.060000	0.000000
0.060000	0.060000	0.000000
0.060000	0.060000	0.000000
0.060000	0.060000	0.000000
0.060000	0.060000	0.000000
0.060000	0.060000	0.000000
0.060000	0.060000	0.000000
0.070000	0.081739	0.079764
0.070000	0.962646	0.000000
0.070000	0.692063	0.000000
0.070000	0.499568	0.000000
0.070000	0.363758	0.000000
0.070000	0.268569	0.000000
0.070000	0.202368	0.000000
0.070000	0.156888	0.000000
0.070000	0.126197	0.000000
0.070000	0.105842	0.000000
0.070000	0.092498	0.000000
0.070000	0.083848	0.000000
0.070000	0.078330	0.000000
0.070000	0.074883	0.000000
0.070000	0.072780	0.000000
0.070000	0.071533	0.000000
0.070000	0.070816	0.000000
0.070000	0.070417	0.000000
0.070000	0.070204	0.000000
0.070000	0.070095	0.000000
0.070000	0.070042	0.000000
0.070000	0.070017	0.000000
0.070000	0.070007	0.000000
0.070000	0.070002	0.000000
0.070000	0.070001	0.000000
0.070000	0.070000	0.000000
0.070000	0.070000	0.000000
0.070000	0.070000	0.000000
0.070000	0.070000	0.000000
0.070000	0.070000	0.000000
0.070000	0.070000	0.000000
0.070000	0.070000	0.000000
0.070000	0.070000	0.000000
0.070000	0.070000	0.000000
0.070000	0.070000	0.000000
0.070000	0.070000	0.000000
0.070000	0.070000	0.000000
0.070000	0.070000	0.000000
0.070000	0.070000	0.000000
0.070000	0.070000	0.000000
0.070000	0.070000	0.000000
0.070000	0.070000	0.000000
0.070000	0.070000	0.000000
0.070000	0.070000	0.000000
0.080000	0.096128	0.092892
0.080000	0.800432	0.000000
0.080000	0.576451	0.000000
0.080000	0.418674	0.000000
0.080000	0.308357	0.000000
0.080000	0.231832	0.000000
0.080000	0.179411	0.000000
0.080000	0.144167	0.000000
0.080000	0.120878	0.000000
0.080000	0.105647	0.000000
0.080000	0.095783	0.000000
0.080000	0.089494	0.000000
0.080000	0.085564	0.000000
0.080000	0.083168	0.000000
0.080000	0.081747	0.000000
0.080000	0.080930	0.000000
0.080000	0.080476	0.000000
0.080000	0.080233	0.000000
0.080000	0.080108	0.000000
0.080000	0.080048	0.000000
0.080000	0.080020	0.000000
0.080000	0.080008	0.000000
0.080000	0.080003	0.000000
0.080000	0.080001	0.000000
0.080000	0.080000	0.000000
0.080000	0.080000	0.000000
0.080000	0.080000	0.000000
0.080000	0.080000	0.000000
0.080000	0.080000	0.000000
0.080000	0.080000	0.000000
0.080000	0.080000	0.000000
0.080000	0.080000	0.000000
0.080000	0.080000	0.000000
0.080000	0.080000	0.000000
0.080000	0.080000	0.000000
0.080000	0.080000	0.000000
0.080000	0.080000	0.000000
0.080000	0.080000	0.000000
0.080000	0.080000	0.000000
0.080000	0.080000	0.000000
0.080000	0.080000	0.000000
0.080000	0.080000	0.000000
0.080000	0.080000	0.000000
0.090000	0.111524	0.106444
0.090000	0.910844	0.000000
0.090000	0.654719	0.000000
0.090000	0.474402	0.000000
0.090000	0.348557	0.000000
0.090000	0.261460	0.000000
0.090000	0.201966	0.000000
0.090000	0.162121	0.000000
0.090000	0.135893	0.000000
0.090000	0.118779	0.000000
0.090000	0.107709	0.000000
0.090000	0.100651	0.000000
0.090000	0.096243	0.000000
0.090000	0.093554	0.000000
0.090000	0.091960	0.000000
0.090000	0.091043	0.000000
0.090000	0.090533	0.000000
0.090000	0.090261	0.000000
0.090000	0.090121	0.000000
0.090000	0.090053	0.000000
0.090000	0.090022	0.000000
0.090000	0.090008	0.000000
0.090000	0.090003	0.000000
0.090000	0.090001	0.000000
0.090000	0.090000	0.000000
0.090000	0.090000	0.000000
0.090000	0.090000	0.000000
0.090000	0.090000	0.000000
0.090000	0.090000	0.000000
0.090000	0.090000	0.000000
0.090000	0.090000	0.000000
0.090000	0.090000	0.000000
0.090000	0.090000	0.000000
0.090000	0.090000	0.000000
0.090000	0.090000	0.000000
0.090000	0.090000	0.000000
0.090000	0.090000	0.000000
0.090000	0.090000	0.000000
0.090000	0.090000	0.000000
0.090000	0.090000	0.000000
0.090000	0.090000	0.000000
0.090000	0.090000	0.000000
0.090000	0.090000	0.000000
0.100000	0.128088	0.120374
0.100000	0.734330	0.000000
0.100000	0.530962	0.000000
0.100000	0.389194	0.000000
0.100000	0.291266	0.000000
0.100000	0.224556	0.000000
0.100000	0.180058	0.000000
0.100000	0.150885	0.000000
0.100000	0.131896	0.000000
0.100000	0.119624	0.000000
0.100000	0.111803	0.000000
0.100000	0.106917	0.000000
0.100000	0.103938	0.000000
0.100000	0.102171	0.000000
0.100000	0.101155	0.000000
0.100000	0.100590	0.000000
0.100000	0.100289	0.000000
0.100000	0.100134	0.000000
0.100000	0.100059	0.000000
0.100000	0.100024	0.000000
0.100000	0.100009	0.000000
0.100000	0.100003	0.000000
0.100000	0.100001	0.000000
0.100000	0.100000	0.000000
0.100000	0.100000	0.000000
0.100000	0.100000	0.000000
0.100000	0.100000	0.000000
0.100000	0.100000	0.000000
0.100000	0.100000	0.000000
0.100000	0.100000	0.000000
0.100000	0.100000	0.000000
0.100000	0.100000	0.000000
0.100000	0.100000	0.000000
0.100000	0.100000	0.000000
0.100000	0.100000	0.000000
0.100000	0.100000	0.000000
0.100000	0.100000	0.000000
0.100000	0.100000	0.000000
0.100000	0.100000	0.000000
0.100000	0.100000	0.000000
0.100000	0.100000	0.000000
0.100000	0.100000	0.000000
0.110000	0.146005	0.134593
0.110000	0.815223	0.000000
0.110000	0.588365	0.000000
0.110000	0.430294	0.000000
0.110000	0.321262	0.000000
0.110000	0.247182	0.000000
0.110000	0.197978	0.000000
0.110000	0.165856	0.000000
0.110000	0.144997	0.000000
0.110000	0.131529	0.000000
0.110000	0.122948	0.000000
0.110000	0.117587	0.000000
0.110000	0.114319	0.000000
0.110000	0.112381	0.000000
0.110000	0.111266	0.000000
0.110000	0.110647	0.000000
0.110000	0.110317	0.000000
0.110000	0.110147	0.000000
0.110000	0.110065	0.000000
0.110000	0.110027	0.000000
0.110000	0.110010	0.000000
0.110000	0.110004	0.000000
0.110000	0.110001	0.000000
0.110000	0.110000	0.000000
0.110000	0.110000	0.000000
0.110000	0.110000	0.000000
0.110000	0.110000	0.000000
0.110000	0.110000	0.000000
0.110000	0.110000	0.000000
0.110000	0.110000	0.000000
0.110000	0.110000	0.000000
0.110000	0.110000	0.000000
0.110000	0.110000	0.000000
0.110000	0.110000	0.000000
0.110000	0.110000	0.000000
0.110000	0.110000	0.000000
0.110000	0.110000	0.000000
0.110000	0.110000	0.000000
0.110000	0.110000	0.000000
0.110000	0.110000	0.000000
0.110000	0.110000	0.000000
0.110000	0.110000	0.000000
0.120000	0.165478	0.148957
0.120000	0.897315	0.000000
0.120000	0.646614	0.000000
0.120000	0.471880	0.000000
0.120000	0.351466	0.000000
0.120000	0.269848	0.000000
0.120000	0.215879	0.000000
0.120000	0.180803	0.000000
0.120000	0.158081	0.000000
0.120000	0.143424	0.000000
0.120000	0.134087	0.000000
0.120000	0.128254	0.000000
0.120000	0.124699	0.000000
0.120000	0.122590	0.000000
0.120000	0.121377	0.000000
0.120000	0.120704	0.000000
0.120000	0.120344	0.000000
0.120000	0.120160	0.000000
0.120000	0.120070	0.000000
0.120000	0.120029	0.000000
0.120000	0.120011	0.000000
0.120000	0.120004	0.000000
0.120000	0.120001	0.000000
0.120000	0.120000	0.000000
0.120000	0.120000	0.000000
0.120000	0.120000	0.000000
0.120000	0.120000	0.000000
0.120000	0.120000	0.000000
0.120000	0.120000	0.000000
0.120000	0.120000	0.000000
0.120000	0.120000	0.000000
0.120000	0.120000	0.000000
0.120000	0.120000	0.000000
0.120000	0.120000	0.000000
0.120000	0.120000	0.000000
0.120000	0.120000	0.000000
0.120000	0.120000	0.000000
0.120000	0.120000	0.000000
0.120000	0.120000	0.000000
0.120000	0.120000	0.000000
0.120000	0.120000	0.000000
0.120000	0.120000	0.000000
0.130000	0.186709	0.163240
0.130000	0.980508	0.000000
0.130000	0.705700	0.000000
0.130000	0.513978	0.000000
0.130000	0.381896	0.000000
0.130000	0.292558	0.000000
0.130000	0.233761	0.000000
0.130000	0.195728	0.000000
0.130000	0.171150	0.000000
0.130000	0.155308	0.000000
0.130000	0.145219	0.000000
0.130000	0.138918	0.000000
0.130000	0.135076	0.000000
0.130000	0.132797	0.000000
0.130000	0.131488	0.000000
0.130000	0.130760	0.000000
0.130000	0.130372	0.000000
0.130000	0.130173	0.000000
0.130000	0.130076	0.000000
0.130000	0.130031	0.000000
0.130000	0.130012	0.000000
0.130000	0.130004	0.000000
0.130000	0.130001	0.000000
0.130000	0.130000	0.000000
0.130000	0.130000	0.000000
0.130000	0.130000	0.000000
0.130000	0.130000	0.000000
0.130000	0.130000	0.000000
0.130000	0.130000	0.000000
0.130000	0.130000	0.000000
0.130000	0.130000	0.000000
0.130000	0.130000	0.000000
0.130000	0.130000	0.000000
0.130000	0.130000	0.000000
0.130000	0.130000	0.000000
0.130000	0.130000	0.000000
0.130000	0.130000	0.000000
0.130000	0.130000	0.000000
0.130000	0.130000	0.000000
0.130000	0.130000	0.000000
0.130000	0.130000	0.000000
0.130000	0.130000	0.000000
0.140000	0.209868	0.177118
0.140000	0.765601	0.000000
0.140000	0.556609	0.000000
0.140000	0.412572	0.000000
0.140000	0.315315	0.000000
0.140000	0.251623	0.000000
0.140000	0.210629	0.000000
0.140000	0.184202	0.000000
0.140000	0.167183	0.000000
0.140000	0.156346	0.000000
0.140000	0.149578	0.000000
0.140000	0.145451	0.000000
0.140000	0.143004	0.000000
0.140000	0.141597	0.000000
0.140000	0.140816	0.000000
0.140000	0.140399	0.000000
0.140000	0.140185	0.000000
0.140000	0.140081	0.000000
0.140000	0.140034	0.000000
0.140000	0.140013	0.000000
0.140000	0.140005	0.000000
0.140000	0.140001	0.000000
0.140000	0.140000	0.000000
0.140000	0.140000	0.000000
0.140000	0.140000	0.000000
0.140000	0.140000	0.000000
0.140000	0.140000	0.000000
0.140000	0.140000	0.000000
0.140000	0.140000	0.000000
0.140000	0.140000	0.000000
0.140000	0.140000	0.000000
0.140000	0.140000	0.000000
0.140000	0.140000	0.000000
0.140000	0.140000	0.000000
0.140000	0.140000	0.000000
0.140000	0.140000	0.000000
0.140000	0.140000	0.000000
0.140000	0.140000	0.000000
0.140000	0.140000	0.000000
0.140000	0.140000	0.000000
0.140000	0.140000	0.000000
0.150000	0.235040	0.190164
0.150000	0.826285	0.000000
0.150000	0.599792	0.000000
0.150000	0.443518	0.000000
0.150000	0.338124	0.000000
0.150000	0.269464	0.000000
0.150000	0.225506	0.000000
0.150000	0.197238	0.000000
0.150000	0.179048	0.000000
0.150000	0.167467	0.000000
0.150000	0.160234	0.000000
0.150000	0.155824	0.000000
0.150000	0.153209	0.000000
0.150000	0.151706	0.000000
0.150000	0.150871	0.000000
0.150000	0.150426	0.000000
0.150000	0.150198	0.000000
0.150000	0.150087	0.000000
0.150000	0.150036	0.000000
0.150000	0.150014	0.000000
0.150000	0.150005	0.000000
0.150000	0.150002	0.000000
0.150000	0.150000	0.000000
0.150000	0.150000	0.000000
0.150000	0.150000	0.000000
0.150000	0.150000	0.000000
0.150000	0.150000	0.000000
0.150000	0.150000	0.000000
0.150000	0.150000	0.000000
0.150000	0.150000	0.000000
0.150000	0.150000	0.000000
0.150000	0.150000	0.000000
0.150000	0.150000	0.000000
0.150000	0.150000	0.000000
0.150000	0.150000	0.000000
0.150000	0.150000	0.000000
0.150000	0.150000	0.000000
0.150000	0.150000	0.000000
0.150000	0.150000	0.000000
0.150000	0.150000	0.000000
0.150000	0.150000	0.000000
0.160000	0.262160	0.201880
0.160000	0.887709	0.000000
0.160000	0.643541	0.000000
0.160000	0.474758	0.000000
0.160000	0.360990	0.000000
0.160000	0.287283	0.000000
0.160000	0.240358	0.000000
0.160000	0.210259	0.000000
0.160000	0.190903	0.000000
0.160000	0.178582	0.000000
0.160000	0.170887	0.000000
0.160000	0.166195	0.000000
0.160000	0.163413	0.000000
0.160000	0.161814	0.000000
0.160000	0.160926	0.000000
0.160000	0.160453	0.000000
0.160000	0.160210	0.000000
0.160000	0.160092	0.000000
0.160000	0.160038	0.000000
0.160000	0.160015	0.000000
0.160000	0.160005	0.000000
0.160000	0.160002	0.000000
0.160000	0.160000	0.000000
0.160000	0.160000	0.000000
0.160000	0.160000	0.000000
0.160000	0.160000	0.000000
0.160000	0.160000	0.000000
0.160000	0.160000	0.000000
0.160000	0.160000	0.000000
0.160000	0.160000	0.000000
0.160000	0.160000	0.000000
0.160000	0.160000	0.000000
0.160000	0.160000	0.000000
0.160000	0.160000	0.000000
0.160000	0.160000	0.000000
0.160000	0.160000	0.000000
0.160000	0.160000	0.000000
0.160000	0.160000	0.000000
0.160000	0.160000	0.000000
0.160000	0.160000	0.000000
0.160000	0.160000	0.000000
0.170000	0.290968	0.211773
0.170000	0.949821	0.000000
0.170000	0.687862	0.000000
0.170000	0.506320	0.000000
0.170000	0.383921	0.000000
0.170000	0.305077	0.000000
0.170000	0.255186	0.000000
0.170000	0.223263	0.000000
0.170000	0.202748	0.000000
0.170000	0.189691	0.000000
0.170000	0.181536	0.000000
0.170000	0.176564	0.000000
0.170000	0.173616	0.000000
0.170000	0.171922	0.000000
0.170000	0.170981	0.000000
0.170000	0.170479	0.000000
0.170000	0.170223	0.000000
0.170000	0.170098	0.000000
0.170000	0.170040	0.000000
0.170000	0.170015	0.000000
0.170000	0.170005	0.000000
0.170000	0.170002	0.000000
0.170000	0.170001	0.000000
0.170000	0.170000	0.000000
0.170000	0.170000	0.000000
0.170000	0.170000	0.000000
0.170000	0.170000	0.000000
0.170000	0.170000	0.000000
0.170000	0.170000	0.000000
0.170000	0.170000	0.000000
0.170000	0.170000	0.000000
0.170000	0.170000	0.000000
0.170000	0.170000	0.000000
0.170000	0.170000	0.000000
0.170000	0.170000	0.000000
0.170000	0.170000	0.000000
0.170000	0.170000	0.000000
0.170000	0.170000	0.000000
0.170000	0.170000	0.000000
0.170000	0.170000	0.000000
0.170000	0.170000	0.000000
0.180000	0.321017	0.219461
0.180000	0.732754	0.000000
0.180000	0.538234	0.000000
0.180000	0.406923	0.000000
0.180000	0.322846	0.000000
0.180000	0.269988	0.000000
0.180000	0.236250	0.000000
0.180000	0.214583	0.000000
0.180000	0.200794	0.000000
0.180000	0.192182	0.000000
0.180000	0.186931	0.000000
0.180000	0.183818	0.000000
0.180000	0.182029	0.000000
0.180000	0.181036	0.000000
0.180000	0.180506	0.000000
0.180000	0.180235	0.000000
0.180000	0.180103	0.000000
0.180000	0.180042	0.000000
0.180000	0.180016	0.000000
0.180000	0.180006	0.000000
0.180000	0.180002	0.000000
0.180000	0.180001	0.000000
0.180000	0.180000	0.000000
0.180000	0.180000	0.000000
0.180000	0.180000	0.000000
0.180000	0.180000	0.000000
0.180000	0.180000	0.000000
0.180000	0.180000	0.000000
0.180000	0.180000	0.000000
0.180000	0.180000	0.000000
0.180000	0.180000	0.000000
0.180000	0.180000	0.000000
0.180000	0.180000	0.000000
0.180000	0.180000	0.000000
0.180000	0.180000	0.000000
0.180000	0.180000	0.000000
0.180000	0.180000	0.000000
0.180000	0.180000	0.000000
0.180000	0.180000	0.000000
0.180000	0.180000	0.000000
0.190000	0.351753	0.224758
0.190000	0.778206	0.000000
0.190000	0.570531	0.000000
0.190000	0.430007	0.000000
0.190000	0.340587	0.000000
0.190000	0.284764	0.000000
0.190000	0.249222	0.000000
0.190000	0.226409	0.000000
0.190000	0.211892	0.000000
0.190000	0.202824	0.000000
0.190000	0.197296	0.000000
0.190000	0.194018	0.000000
0.190000	0.192135	0.000000
0.190000	0.191090	0.000000
0.190000	0.190532	0.000000
0.190000	0.190247	0.000000
0.190000	0.190108	0.000000
0.190000	0.190045	0.000000
0.190000	0.190017	0.000000
0.190000	0.190006	0.000000
0.190000	0.190002	0.000000
0.190000	0.190001	0.000000
0.190000	0.190000	0.000000
0.190000	0.190000	0.000000
0.190000	0.190000	0.000000
0.190000	0.190000	0.000000
0.190000	0.190000	0.000000
0.190000	0.190000	0.000000
0.190000	0.190000	0.000000
0.190000	0.190000	0.000000
0.190000	0.190000	0.000000
0.190000	0.190000	0.000000
0.190000	0.190000	0.000000
0.190000	0.190000	0.000000
0.190000	0.190000	0.000000
0.190000	0.190000	0.000000
0.190000	0.190000	0.000000
0.190000	0.190000	0.000000
0.190000	0.190000	0.000000
0.190000	0.190000	0.000000
0.200000	0.382625	0.227691
0.200000	0.824199	0.000000
0.200000	0.603240	0.000000
0.200000	0.453183	0.000000
0.200000	0.358299	0.000000
0.200000	0.299514	0.000000
0.200000	0.262177	0.000000
0.200000	0.238225	0.000000
0.200000	0.222984	0.000000
0.200000	0.213463	0.000000
0.200000	0.207659	0.000000
0.200000	0.204218	0.000000
0.200000	0.202241	0.000000
0.200000	0.201143	0.000000
0.200000	0.200558	0.000000
0.200000	0.200259	0.000000
0.200000	0.200114	0.000000
0.200000	0.200047	0.000000
0.200000	0.200018	0.000000
0.200000	0.200006	0.000000
0.200000	0.200002	0.000000
0.200000	0.200001	0.000000
0.200000	0.200000	0.000000
0.200000	0.200000	0.000000
0.200000	0.200000	0.000000
0.200000	0.200000	0.000000
0.200000	0.200000	0.000000
0.200000	0.200000	0.000000
0.200000	0.200000	0.000000
0.200000	0.200000	0.000000
0.200000	0.200000	0.000000
0.200000	0.200000	0.000000
0.200000	0.200000	0.000000
0.200000	0.200000	0.000000
0.200000	0.200000	0.000000
0.200000	0.200000	0.000000
0.200000	0.200000	0.000000
0.200000	0.200000	0.000000
0.200000	0.200000	0.000000
0.200000	0.200000	0.000000
0.210000	0.413176	0.228452
0.210000	0.870706	0.000000
0.210000	0.636393	0.000000
0.210000	0.476463	0.000000
0.210000	0.375979	0.000000
0.210000	0.314236	0.000000
0.210000	0.275117	0.000000
0.210000	0.250031	0.000000
0.210000	0.234070	0.000000
0.210000	0.224099	0.000000
0.210000	0.218020	0.000000
0.210000	0.214416	0.000000
0.210000	0.212346	0.000000
0.210000	0.211197	0.000000
0.210000	0.210584	0.000000
0.210000	0.210271	0.000000
0.210000	0.210119	0.000000
0.210000	0.210049	0.000000
0.210000	0.210019	0.000000
0.210000	0.210007	0.000000
0.210000	0.210002	0.000000
0.210000	0.210001	0.000000
0.210000	0.210000	0.000000
0.210000	0.210000	0.000000
0.210000	0.210000	0.000000
0.210000	0.210000	0.000000
0.210000	0.210000	0.000000
0.210000	0.210000	0.000000
0.210000	0.210000	0.000000
0.210000	0.210000	0.000000
0.210000	0.210000	0.000000
0.210000	0.210000	0.000000
0.210000	0.210000	0.000000
0.210000	0.210000	0.000000
0.210000	0.210000	0.000000
0.210000	0.210000	0.000000
0.210000	0.210000	0.000000
0.210000	0.210000	0.000000
0.210000	0.210000	0.000000
0.210000	0.210000	0.000000
0.220000	0.443084	0.227323
0.220000	0.917692	0.000000
0.220000	0.670014	0.000000
0.220000	0.499866	0.000000
0.220000	0.393625	0.000000
0.220000	0.328931	0.000000
0.220000	0.288040	0.000000
0.220000	0.261829	0.000000
0.220000	0.245150	0.000000
0.220000	0.234732	0.000000
0.220000	0.228380	0.000000
0.220000	0.224614	0.000000
0.220000	0.222450	0.000000
0.220000	0.221250	0.000000
0.220000	0.220610	0.000000
0.220000	0.220283	0.000000
0.220000	0.220124	0.000000
0.220000	0.220051	0.000000
0.220000	0.220020	0.000000
0.220000	0.220007	0.000000
0.220000	0.220002	0.000000
0.220000	0.220001	0.000000
0.220000	0.220000	0.000000
0.220000	0.220000	0.000000
0.220000	0.220000	0.000000
0.220000	0.220000	0.000000
0.220000	0.220000	0.000000
0.220000	0.220000	0.000000
0.220000	0.220000	0.000000
0.220000	0.220000	0.000000
0.220000	0.220000	0.000000
0.220000	0.220000	0.000000
0.220000	0.220000	0.000000
0.220000	0.220000	0.000000
0.220000	0.220000	0.000000
0.220000	0.220000	0.000000
0.220000	0.220000	0.000000
0.220000	0.220000	0.000000
0.220000	0.220000	0.000000
0.220000	0.220000	0.000000
0.230000	0.472151	0.224605
0.230000	0.965116	0.000000
0.230000	0.704126	0.000000
0.230000	0.523409	0.000000
0.230000	0.411235	0.000000
0.230000	0.343597	0.000000
0.230000	0.300946	0.000000
0.230000	0.273616	0.000000
0.230000	0.256226	0.000000
0.230000	0.245361	0.000000
0.230000	0.238737	0.000000
0.230000	0.234810	0.000000
0.230000	0.232554	0.000000
0.230000	0.231303	0.000000
0.230000	0.230635	0.000000
0.230000	0.230295	0.000000
0.230000	0.230129	0.000000
0.230000	0.230053	0.000000
0.230000	0.230020	0.000000
0.230000	0.230007	0.000000
0.230000	0.230002	0.000000
0.230000	0.230001	0.000000
0.230000	0.230000	0.000000
0.230000	0.230000	0.000000
0.230000	0.230000	0.000000
0.230000	0.230000	0.000000
0.230000	0.230000	0.000000
0.230000	0.230000	0.000000
0.230000	0.230000	0.000000
0.230000	0.230000	0.000000
0.230000	0.230000	0.000000
0.230000	0.230000	0.000000
0.230000	0.230000	0.000000
0.230000	0.230000	0.000000
0.230000	0.230000	0.000000
0.230000	0.230000	0.000000
0.230000	0.230000	0.000000
0.230000	0.230000	0.000000
0.230000	0.230000	0.000000
0.230000	0.230000	0.000000
0.240000	0.500279	0.220583
0.240000	0.738740	0.000000
0.240000	0.547117	0.000000
0.240000	0.428804	0.000000
0.240000	0.358234	0.000000
0.240000	0.313837	0.000000
0.240000	0.285395	0.000000
0.240000	0.267295	0.000000
0.240000	0.255987	0.000000
0.240000	0.249092	0.000000
0.240000	0.245005	0.000000
0.240000	0.242657	0.000000
0.240000	0.241355	0.000000
0.240000	0.240661	0.000000
0.240000	0.240307	0.000000
0.240000	0.240134	0.000000
0.240000	0.240055	0.000000
0.240000	0.240021	0.000000
0.240000	0.240007	0.000000
0.240000	0.240002	0.000000
0.240000	0.240001	0.000000
0.240000	0.240000	0.000000
0.240000	0.240000	0.000000
0.240000	0.240000	0.000000
0.240000	0.240000	0.000000
0.240000	0.240000	0.000000
0.240000	0.240000	0.000000
0.240000	0.240000	0.000000
0.240000	0.240000	0.000000
0.240000	0.240000	0.000000
0.240000	0.240000	0.000000
0.240000	0.240000	0.000000
0.240000	0.240000	0.000000
0.240000	0.240000	0.000000
0.240000	0.240000	0.000000
0.240000	0.240000	0.000000
0.240000	0.240000	0.000000
0.240000	0.240000	0.000000
0.240000	0.240000	0.000000
0.250000	0.527436	0.215501
0.250000	0.773861	0.000000
0.250000	0.571021	0.000000
0.250000	0.446331	0.000000
0.250000	0.372841	0.000000
0.250000	0.326711	0.000000
0.250000	0.297164	0.000000
0.250000	0.278360	0.000000
0.250000	0.266610	0.000000
0.250000	0.259446	0.000000
0.250000	0.255199	0.000000
0.250000	0.252760	0.000000
0.250000	0.251407	0.000000
0.250000	0.250686	0.000000
0.250000	0.250318	0.000000
0.250000	0.250139	0.000000
0.250000	0.250057	0.000000
0.250000	0.250022	0.000000
0.250000	0.250008	0.000000
0.250000	0.250002	0.000000
0.250000	0.250001	0.000000
0.250000	0.250000	0.000000
0.250000	0.250000	0.000000
0.250000	0.250000	0.000000
0.250000	0.250000	0.000000
0.250000	0.250000	0.000000
0.250000	0.250000	0.000000
0.250000	0.250000	0.000000
0.250000	0.250000	0.000000
0.250000	0.250000	0.000000
0.250000	0.250000	0.000000
0.250000	0.250000	0.000000
0.250000	0.250000	0.000000
0.250000	0.250000	0.000000
0.250000	0.250000	0.000000
0.250000	0.250000	0.000000
0.250000	0.250000	0.000000
0.250000	0.250000	0.000000
0.250000	0.250000	0.000000
0.260000	0.553635	0.209563
0.260000	0.809477	0.000000
0.260000	0.595156	0.000000
0.260000	0.463810	0.000000
0.260000	0.387418	0.000000
0.260000	0.339569	0.000000
0.260000	0.308924	0.000000
0.260000	0.289419	0.000000
0.260000	0.277230	0.000000
0.260000	0.269798	0.000000
0.260000	0.265392	0.000000
0.260000	0.262862	0.000000
0.260000	0.261459	0.000000
0.260000	0.260711	0.000000
0.260000	0.260330	0.000000
0.260000	0.260144	0.000000
0.260000	0.260059	0.000000
0.260000	0.260023	0.000000
0.260000	0.260008	0.000000
0.260000	0.260003	0.000000
0.260000	0.260001	0.000000
0.260000	0.260000	0.000000
0.260000	0.260000	0.000000
0.260000	0.260000	0.000000
0.260000	0.260000	0.000000
0.260000	0.260000	0.000000
0.260000	0.260000	0.000000
0.260000	0.260000	0.000000
0.260000	0.260000	0.000000
0.260000	0.260000	0.000000
0.260000	0.260000	0.000000
0.260000	0.260000	0.000000
0.260000	0.260000	0.000000
0.260000	0.260000	0.000000
0.260000	0.260000	0.000000
0.260000	0.260000	0.000000
0.260000	0.260000	0.000000
0.260000	0.260000	0.000000
0.260000	0.260000	0.000000
0.270000	0.578911	0.202929
0.270000	0.845569	0.000000
0.270000	0.619571	0.000000
0.270000	0.481238	0.000000
0.270000	0.401964	0.000000
0.270000	0.352410	0.000000
0.270000	0.320675	0.000000
0.270000	0.300473	0.000000
0.270000	0.287847	0.000000
0.270000	0.280148	0.000000
0.270000	0.275584	0.000000
0.270000	0.272964	0.000000
0.270000	0.271511	0.000000
0.270000	0.270736	0.000000
0.270000	0.270341	0.000000
0.270000	0.270149	0.000000
0.270000	0.270061	0.000000
0.270000	0.270023	0.000000
0.270000	0.270008	0.000000
0.270000	0.270003	0.000000
0.270000	0.270001	0.000000
0.270000	0.270000	0.000000
0.270000	0.270000	0.000000
0.270000	0.270000	0.000000
0.270000	0.270000	0.000000
0.270000	0.270000	0.000000
0.270000	0.270000	0.000000
0.270000	0.270000	0.000000
0.270000	0.270000	0.000000
0.270000	0.270000	0.000000
0.270000	0.270000	0.000000
0.270000	0.270000	0.000000
0.270000	0.270000	0.000000
0.270000	0.270000	0.000000
0.270000	0.270000	0.000000
0.270000	0.270000	0.000000
0.270000	0.270000	0.000000
0.270000	0.270000	0.000000
0.270000	0.270000	0.000000
0.280000	0.603306	0.195727
0.280000	0.882100	0.000000
0.280000	0.644325	0.000000
0.280000	0.498610	0.000000
0.280000	0.416478	0.000000
0.280000	0.365236	0.000000
0.280000	0.332417	0.000000
0.280000	0.311521	0.000000
0.280000	0.298461	0.000000
0.280000	0.290496	0.000000
0.280000	0.285775	0.000000
0.280000	0.283065	0.000000
0.280000	0.281562	0.000000
0.280000	0.280761	0.000000
0.280000	0.280353	0.000000
0.280000	0.280154	0.000000
0.280000	0.280063	0.000000
0.280000	0.280024	0.000000
0.280000	0.280009	0.000000
0.280000	0.280003	0.000000
0.280000	0.280001	0.000000
0.280000	0.280000	0.000000
0.280000	0.280000	0.000000
0.280000	0.280000	0.000000
0.280000	0.280000	0.000000
0.280000	0.280000	0.000000
0.280000	0.280000	0.000000
0.280000	0.280000	0.000000
0.280000	0.280000	0.000000
0.280000	0.280000	0.000000
0.280000	0.280000	0.000000
0.280000	0.280000	0.000000
0.280000	0.280000	0.000000
0.280000	0.280000	0.000000
0.280000	0.280000	0.000000
0.280000	0.280000	0.000000
0.280000	0.280000	0.000000
0.280000	0.280000	0.000000
0.280000	0.280000	0.000000
0.290000	0.626866	0.188055
0.290000	0.919028	0.000000
0.290000	0.669492	0.000000
0.290000	0.515921	0.000000
0.290000	0.430960	0.000000
0.290000	0.378045	0.000000
0.290000	0.344150	0.000000
0.290000	0.322564	0.000000
0.290000	0.309072	0.000000
0.290000	0.300843	0.000000
0.290000	0.295965	0.000000
0.290000	0.293165	0.000000
0.290000	0.291613	0.000000
0.290000	0.290786	0.000000
0.290000	0.290364	0.000000
0.290000	0.290159	0.000000
0.290000	0.290065	0.000000
0.290000	0.290025	0.000000
0.290000	0.290009	0.000000
0.290000	0.290003	0.000000
0.290000	0.290001	0.000000
0.290000	0.290000	0.000000
0.290000	0.290000	0.000000
0.290000	0.290000	0.000000
0.290000	0.290000	0.000000
0.290000	0.290000	0.000000
0.290000	0.290000	0.000000
0.290000	0.290000	0.000000
0.290000	0.290000	0.000000
0.290000	0.290000	0.000000
0.290000	0.290000	0.000000
0.290000	0.290000	0.000000
0.290000	0.290000	0.000000
0.290000	0.290000	0.000000
0.290000	0.290000	0.000000
0.290000	0.290000	0.000000
0.290000	0.290000	0.000000
0.290000	0.290000	0.000000
0.290000	0.290000	0.000000
0.300000	0.649627	0.179986
0.300000	0.956301	0.000000
0.300000	0.695169	0.000000
0.300000	0.533164	0.000000
0.300000	0.445408	0.000000
0.300000	0.390837	0.000000
0.300000	0.355873	0.000000
0.300000	0.333603	0.000000
0.300000	0.319679	0.000000
0.300000	0.311188	0.000000
0.300000	0.306155	0.000000
0.300000	0.303265	0.000000
0.300000	0.301663	0.000000
0.300000	0.300810	0.000000
0.300000	0.300375	0.000000
0.300000	0.300164	0.000000
0.300000	0.300067	0.000000
0.300000	0.300026	0.000000
0.300000	0.300009	0.000000
0.300000	0.300003	0.000000
0.300000	0.300001	0.000000
0.300000	0.300000	0.000000
0.300000	0.300000	0.000000
0.300000	0.300000	0.000000
0.300000	0.300000	0.000000
0.300000	0.300000	0.000000
0.300000	0.300000	0.000000
0.300000	0.300000	0.000000
0.300000	0.300000	0.000000
0.300000	0.300000	0.000000
0.300000	0.300000	0.000000
0.300000	0.300000	0.000000
0.300000	0.300000	0.000000
0.300000	0.300000	0.000000
0.300000	0.300000	0.000000
0.300000	0.300000	0.000000
0.300000	0.300000	0.000000
0.300000	0.300000	0.000000
0.300000	0.300000	0.000000
0.310000	0.671612	0.171586
0.310000	0.993864	0.000000
0.310000	0.721472	0.000000
0.310000	0.550335	0.000000
0.310000	0.459823	0.000000
0.310000	0.403614	0.000000
0.310000	0.367589	0.000000
0.310000	0.344636	0.000000
0.310000	0.330284	0.000000
0.310000	0.321531	0.000000
0.310000	0.316343	0.000000
0.310000	0.313364	0.000000
0.310000	0.311714	0.000000
0.310000	0.310835	0.000000
0.310000	0.310387	0.000000
0.310000	0.310169	0.000000
0.310000	0.310069	0.000000
0.310000	0.310026	0.000000
0.310000	0.310009	0.000000
0.310000	0.310003	0.000000
0.310000	0.310001	0.000000
0.310000	0.310000	0.000000
0.310000	0.310000	0.000000
0.310000	0.310000	0.000000
0.310000	0.310000	0.000000
0.310000	0.310000	0.000000
0.310000	0.310000	0.000000
0.310000	0.310000	0.000000
0.310000	0.310000	0.000000
0.310000	0.310000	0.000000
0.310000	0.310000	0.000000
0.310000	0.310000	0.000000
0.310000	0.310000	0.000000
0.310000	0.310000	0.000000
0.310000	0.310000	0.000000
0.310000	0.310000	0.000000
0.310000	0.310000	0.000000
0.310000	0.310000	0.000000
0.310000	0.310000	0.000000
0.320000	0.692827	0.162914
0.320000	0.748543	0.000000
0.320000	0.567425	0.000000
0.320000	0.474204	0.000000
0.320000	0.416374	0.000000
0.320000	0.379295	0.000000
0.320000	0.355664	0.000000
0.320000	0.340886	0.000000
0.320000	0.331872	0.000000
0.320000	0.326530	0.000000
0.320000	0.323463	0.000000
0.320000	0.321764	0.000000
0.320000	0.320859	0.000000
0.320000	0.320398	0.000000
0.320000	0.320174	0.000000
0.320000	0.320071	0.000000
0.320000	0.320027	0.000000
0.320000	0.320010	0.000000
0.320000	0.320003	0.000000
0.320000	0.320001	0.000000
0.320000	0.320000	0.000000
0.320000	0.320000	0.000000
0.320000	0.320000	0.000000
0.320000	0.320000	0.000000
0.320000	0.320000	0.000000
0.320000	0.320000	0.000000
0.320000	0.320000	0.000000
0.320000	0.320000	0.000000
0.320000	0.320000	0.000000
0.320000	0.320000	0.000000
0.320000	0.320000	0.000000
0.320000	0.320000	0.000000
0.320000	0.320000	0.000000
0.320000	0.320000	0.000000
0.320000	0.320000	0.000000
0.320000	0.320000	0.000000
0.320000	0.320000	0.000000
0.320000	0.320000	0.000000
0.330000	0.713266	0.154046
0.330000	0.776537	0.000000
0.330000	0.584427	0.000000
0.330000	0.488551	0.000000
0.330000	0.429119	0.000000
0.330000	0.390993	0.000000
0.330000	0.366687	0.000000
0.330000	0.351485	0.000000
0.330000	0.342212	0.000000
0.330000	0.336716	0.000000
0.330000	0.333561	0.000000
0.330000	0.331814	0.000000
0.330000	0.330883	0.000000
0.330000	0.330409	0.000000
0.330000	0.330179	0.000000
0.330000	0.330073	0.000000
0.330000	0.330028	0.000000
0.330000	0.330010	0.000000
0.330000	0.330003	0.000000
0.330000	0.330001	0.000000
0.330000	0.330000	0.000000
0.330000	0.330000	0.000000
0.330000	0.330000	0.000000
0.330000	0.330000	0.000000
0.330000	0.330000	0.000000
0.330000	0.330000	0.000000
0.330000	0.330000	0.000000
0.330000	0.330000	0.000000
0.330000	0.330000	0.000000
0.330000	0.330000	0.000000
0.330000	0.330000	0.000000
0.330000	0.330000	0.000000
0.330000	0.330000	0.000000
0.330000	0.330000	0.000000
0.330000	0.330000	0.000000
0.330000	0.330000	0.000000
0.330000	0.330000	0.000000
0.330000	0.330000	0.000000
0.340000	0.732920	0.145082
0.340000	0.805601	0.000000
0.340000	0.601333	0.000000
0.340000	0.502862	0.000000
0.340000	0.441847	0.000000
0.340000	0.402682	0.000000
0.340000	0.377706	0.000000
0.340000	0.362082	0.000000
0.340000	0.352550	0.000000
0.340000	0.346901	0.000000
0.340000	0.343659	0.000000
0.340000	0.341863	0.000000
0.340000	0.340907	0.000000
0.340000	0.340420	0.000000
0.340000	0.340184	0.000000
0.340000	0.340075	0.000000
0.340000	0.340029	0.000000
0.340000	0.340010	0.000000
0.340000	0.340003	0.000000
0.340000	0.340001	0.000000
0.340000	0.340000	0.000000
0.340000	0.340000	0.000000
0.340000	0.340000	0.000000
0.340000	0.340000	0.000000
0.340000	0.340000	0.000000
0.340000	0.340000	0.000000
0.340000	0.340000	0.000000
0.340000	0.340000	0.000000
0.340000	0.340000	0.000000
0.340000	0.340000	0.000000
0.340000	0.340000	0.000000
0.340000	0.340000	0.000000
0.340000	0.340000	0.000000
0.340000	0.340000	0.000000
0.340000	0.340000	0.000000
0.340000	0.340000	0.000000
0.340000	0.340000	0.000000
0.340000	0.340000	0.000000
0.350000	0.751801	0.136160
0.350000	0.835823	0.000000
0.350000	0.618133	0.000000
0.350000	0.517137	0.000000
0.350000	0.454559	0.000000
0.350000	0.414363	0.000000
0.350000	0.388719	0.000000
0.350000	0.372675	0.000000
0.350000	0.362887	0.000000
0.350000	0.357086	0.000000
0.350000	0.353756	0.000000
0.350000	0.351912	0.000000
0.350000	0.350931	0.000000
0.350000	0.350431	0.000000
0.350000	0.350188	0.000000
0.350000	0.350077	0.000000
0.350000	0.350029	0.000000
0.350000	0.350010	0.000000
0.350000	0.350003	0.000000
0.350000	0.350001	0.000000
0.350000	0.350000	0.000000
0.350000	0.350000	0.000000
0.350000	0.350000	0.000000
0.350000	0.350000	0.000000
0.350000	0.350000	0.000000
0.350000	0.350000	0.000000
0.350000	0.350000	0.000000
0.350000	0.350000	0.000000
0.350000	0.350000	0.000000
0.350000	0.350000	0.000000
0.350000	0.350000	0.000000
0.350000	0.350000	0.000000
0.350000	0.350000	0.000000
0.350000	0.350000	0.000000
0.350000	0.350000	0.000000
0.350000	0.350000	0.000000
0.350000	0.350000	0.000000
0.350000	0.350000	0.000000
0.360000	0.769975	0.127439
0.360000	0.867168	0.000000
0.360000	0.634819	0.000000
0.360000	0.531377	0.000000
0.360000	0.467255	0.000000
0.360000	0.426035	0.000000
0.360000	0.399728	0.000000
0.360000	0.383266	0.000000
0.360000	0.373222	0.000000
0.360000	0.367269	0.000000
0.360000	0.363853	0.000000
0.360000	0.361961	0.000000
0.360000	0.360954	0.000000
0.360000	0.360441	0.000000
0.360000	0.360193	0.000000
0.360000	0.360079	0.000000
0.360000	0.360030	0.000000
0.360000	0.360011	0.000000
0.360000	0.360003	0.000000
0.360000	0.360001	0.000000
0.360000	0.360000	0.000000
0.360000	0.360000	0.000000
0.360000	0.360000	0.000000
0.360000	0.360000	0.000000
0.360000	0.360000	0.000000
0.360000	0.360000	0.000000
0.360000	0.360000	0.000000
0.360000	0.360000	0.000000
0.360000	0.360000	0.000000
0.360000	0.360000	0.000000
0.360000	0.360000	0.000000
0.360000	0.360000	0.000000
0.360000	0.360000	0.000000
0.360000	0.360000	0.000000
0.360000	0.360000	0.000000
0.360000	0.360000	0.000000
0.360000	0.360000	0.000000
0.360000	0.360000	0.000000
0.370000	0.787581	0.119062
0.370000	0.899447	0.000000
0.370000	0.651380	0.000000
0.370000	0.545580	0.000000
0.370000	0.479935	0.000000
0.370000	0.437699	0.000000
0.370000	0.410732	0.000000
0.370000	0.393854	0.000000
0.370000	0.383555	0.000000
0.370000	0.377452	0.000000
0.370000	0.373949	0.000000
0.370000	0.372010	0.000000
0.370000	0.370978	0.000000
0.370000	0.370452	0.000000
0.370000	0.370198	0.000000
0.370000	0.370081	0.000000
0.370000	0.370031	0.000000
0.370000	0.370011	0.000000
0.370000	0.370003	0.000000
0.370000	0.370001	0.000000
0.370000	0.370000	0.000000
0.370000	0.370000	0.000000
0.370000	0.370000	0.000000
0.370000	0.370000	0.000000
0.370000	0.370000	0.000000
0.370000	0.370000	0.000000
0.370000	0.370000	0.000000
0.370000	0.370000	0.000000
0.370000	0.370000	0.000000
0.370000	0.370000	0.000000
0.370000	0.370000	0.000000
0.370000	0.370000	0.000000
0.370000	0.370000	0.000000
0.370000	0.370000	0.000000
0.370000	0.370000	0.000000
0.370000	0.370000	0.000000
0.370000	0.370000	0.000000
0.370000	0.370000	0.000000
0.380000	0.804812	0.111108
0.380000	0.932345	0.000000
0.380000	0.667807	0.000000
0.380000	0.559746	0.000000
0.380000	0.492599	0.000000
0.380000	0.449354	0.000000
0.380000	0.421731	0.000000
0.380000	0.404439	0.000000
0.380000	0.393887	0.000000
0.380000	0.387634	0.000000
0.380000	0.384045	0.000000
0.380000	0.382058	0.000000
0.380000	0.381001	0.000000
0.380000	0.380463	0.000000
0.380000	0.380202	0.000000
0.380000	0.380083	0.000000
0.380000	0.380032	0.000000
0.380000	0.380011	0.000000
0.380000	0.380004	0.000000
0.380000	0.380001	0.000000
0.380000	0.380000	0.000000
0.380000	0.380000	0.000000
0.380000	0.380000	0.000000
0.380000	0.380000	0.000000
0.380000	0.380000	0.000000
0.380000	0.380000	0.000000
0.380000	0.380000	0.000000
0.380000	0.380000	0.000000
0.380000	0.380000	0.000000
0.380000	0.380000	0.000000
0.380000	0.380000	0.000000
0.380000	0.380000	0.000000
0.380000	0.380000	0.000000
0.380000	0.380000	0.000000
0.380000	0.380000	0.000000
0.380000	0.380000	0.000000
0.380000	0.380000	0.000000
0.380000	0.380000	0.000000
0.390000	0.821871	0.103571
0.390000	0.965523	0.000000
0.390000	0.684089	0.000000
0.390000	0.573876	0.000000
0.390000	0.505248	0.000000
0.390000	0.461001	0.000000
0.390000	0.432726	0.000000
0.390000	0.415021	0.000000
0.390000	0.404218	0.000000
0.390000	0.397814	0.000000
0.390000	0.394140	0.000000
0.390000	0.392107	0.000000
0.390000	0.391024	0.000000
0.390000	0.390474	0.000000
0.390000	0.390207	0.000000
0.390000	0.390085	0.000000
0.390000	0.390032	0.000000
0.390000	0.390011	0.000000
0.390000	0.390004	0.000000
0.390000	0.390001	0.000000
0.390000	0.390000	0.000000
0.390000	0.390000	0.000000
0.390000	0.390000	0.000000
0.390000	0.390000	0.000000
0.390000	0.390000	0.000000
0.390000	0.390000	0.000000
0.390000	0.390000	0.000000
0.390000	0.390000	0.000000
0.390000	0.390000	0.000000
0.390000	0.390000	0.000000
0.390000	0.390000	0.000000
0.390000	0.390000	0.000000
0.390000	0.390000	0.000000
0.390000	0.390000	0.000000
0.390000	0.390000	0.000000
0.390000	0.390000	0.000000
0.390000	0.390000	0.000000
0.390000	0.390000	0.000000
0.400000	0.838922	0.096377
0.400000	0.998701	0.000000
0.400000	0.700219	0.000000
0.400000	0.587968	0.000000
0.400000	0.517881	0.000000
0.400000	0.472641	0.000000
0.400000	0.443716	0.000000
0.400000	0.425601	0.000000
0.400000	0.414546	0.000000
0.400000	0.407994	0.000000
0.400000	0.404235	0.000000
0.400000	0.402154	0.000000
0.400000	0.401047	0.000000
0.400000	0.400484	0.000000
0.400000	0.400211	0.000000
0.400000	0.400087	0.000000
0.400000	0.400033	0.000000
0.400000	0.400012	0.000000
0.400000	0.400004	0.000000
0.400000	0.400001	0.000000
0.400000	0.400000	0.000000
0.400000	0.400000	0.000000
0.400000	0.400000	0.000000
0.400000	0.400000	0.000000
0.400000	0.400000	0.000000
0.400000	0.400000	0.000000
0.400000	0.400000	0.000000
0.400000	0.400000	0.000000
0.400000	0.400000	0.000000
0.400000	0.400000	0.000000
0.400000	0.400000	0.000000
0.400000	0.400000	0.000000
0.400000	0.400000	0.000000
0.400000	0.400000	0.000000
0.400000	0.400000	0.000000
0.400000	0.400000	0.000000
0.400000	0.400000	0.000000
0.400000	0.400000	0.000000
0.410000	0.856081	0.089414
0.410000	0.716186	0.000000
0.410000	0.602024	0.000000
0.410000	0.530498	0.000000
0.410000	0.484272	0.000000
0.410000	0.454702	0.000000
0.410000	0.436179	0.000000
0.410000	0.424874	0.000000
0.410000	0.418174	0.000000
0.410000	0.414330	0.000000
0.410000	0.412202	0.000000
0.410000	0.411070	0.000000
0.410000	0.410495	0.000000
0.410000	0.410216	0.000000
0.410000	0.410088	0.000000
0.410000	0.410034	0.000000
0.410000	0.410012	0.000000
0.410000	0.410004	0.000000
0.410000	0.410001	0.000000
0.410000	0.410000	0.000000
0.410000	0.410000	0.000000
0.410000	0.410000	0.000000
0.410000	0.410000	0.000000
0.410000	0.410000	0.000000
0.410000	0.410000	0.000000
0.410000	0.410000	0.000000
0.410000	0.410000	0.000000
0.410000	0.410000	0.000000
0.410000	0.410000	0.000000
0.410000	0.410000	0.000000
0.410000	0.410000	0.000000
0.410000	0.410000	0.000000
0.410000	0.410000	0.000000
0.410000	0.410000	0.000000
0.410000	0.410000	0.000000
0.410000	0.410000	0.000000
0.410000	0.410000	0.000000
0.420000	0.873416	0.082558
0.420000	0.731986	0.000000
0.420000	0.616042	0.000000
0.420000	0.543100	0.000000
0.420000	0.495895	0.000000
0.420000	0.465683	0.000000
0.420000	0.446754	0.000000
0.420000	0.435199	0.000000
0.420000	0.428352	0.000000
0.420000	0.424424	0.000000
0.420000	0.422250	0.000000
0.420000	0.421093	0.000000
0.420000	0.420505	0.000000
0.420000	0.420220	0.000000
0.420000	0.420090	0.000000
0.420000	0.420034	0.000000
0.420000	0.420012	0.000000
0.420000	0.420004	0.000000
0.420000	0.420001	0.000000
0.420000	0.420000	0.000000
0.420000	0.420000	0.000000
0.420000	0.420000	0.000000
0.420000	0.420000	0.000000
0.420000	0.420000	0.000000
0.420000	0.420000	0.000000
0.420000	0.420000	0.000000
0.420000	0.420000	0.000000
0.420000	0.420000	0.000000
0.420000	0.420000	0.000000
0.420000	0.420000	0.000000
0.420000	0.420000	0.000000
0.420000	0.420000	0.000000
0.420000	0.420000	0.000000
0.420000	0.420000	0.000000
0.420000	0.420000	0.000000
0.420000	0.420000	0.000000
0.420000	0.420000	0.000000
0.430000	0.890962	0.075681
0.430000	0.747614	0.000000
0.430000	0.630024	0.000000
0.430000	0.555687	0.000000
0.430000	0.507511	0.000000
0.430000	0.476660	0.000000
0.430000	0.457326	0.000000
0.430000	0.445524	0.000000
0.430000	0.438529	0.000000
0.430000	0.434517	0.000000
0.430000	0.432297	0.000000
0.430000	0.431116	0.000000
0.430000	0.430516	0.000000
0.430000	0.430225	0.000000
0.430000	0.430092	0.000000
0.430000	0.430035	0.000000
0.430000	0.430012	0.000000
0.430000	0.430004	0.000000
0.430000	0.430001	0.000000
0.430000	0.430000	0.000000
0.430000	0.430000	0.000000
0.430000	0.430000	0.000000
0.430000	0.430000	0.000000
0.430000	0.430000	0.000000
0.430000	0.430000	0.000000
0.430000	0.430000	0.000000
0.430000	0.430000	0.000000
0.430000	0.430000	0.000000
0.430000	0.430000	0.000000
0.430000	0.430000	0.000000
0.430000	0.430000	0.000000
0.430000	0.430000	0.000000
0.430000	0.430000	0.000000
0.430000	0.430000	0.000000
0.430000	0.430000	0.000000
0.430000	0.430000	0.000000
0.430000	0.430000	0.000000
0.440000	0.908731	0.068647
0.440000	0.763067	0.000000
0.440000	0.643969	0.000000
0.440000	0.568259	0.000000
0.440000	0.519118	0.000000
0.440000	0.487633	0.000000
0.440000	0.467896	0.000000
0.440000	0.455847	0.000000
0.440000	0.448706	0.000000
0.440000	0.444610	0.000000
0.440000	0.442344	0.000000
0.440000	0.441139	0.000000
0.440000	0.440526	0.000000
0.440000	0.440229	0.000000
0.440000	0.440094	0.000000
0.440000	0.440036	0.000000
0.440000	0.440012	0.000000
0.440000	0.440004	0.000000
0.440000	0.440001	0.000000
0.440000	0.440000	0.000000
0.440000	0.440000	0.000000
0.440000	0.440000	0.000000
0.440000	0.440000	0.000000
0.440000	0.440000	0.000000
0.440000	0.440000	0.000000
0.440000	0.440000	0.000000
0.440000	0.440000	0.000000
0.440000	0.440000	0.000000
0.440000	0.440000	0.000000
0.440000	0.440000	0.000000
0.440000	0.440000	0.000000
0.440000	0.440000	0.000000
0.440000	0.440000	0.000000
0.440000	0.440000	0.000000
0.440000	0.440000	0.000000
0.440000	0.440000	0.000000
0.440000	0.440000	0.000000
0.450000	0.926725	0.061297
0.450000	0.778348	0.000000
0.450000	0.657878	0.000000
0.450000	0.580816	0.000000
0.450000	0.530719	0.000000
0.450000	0.498601	0.000000
0.450000	0.478463	0.000000
0.450000	0.466168	0.000000
0.450000	0.458882	0.000000
0.450000	0.454702	0.000000
0.450000	0.452390	0.000000
0.450000	0.451161	0.000000
0.450000	0.450536	0.000000
0.450000	0.450234	0.000000
0.450000	0.450096	0.000000
0.450000	0.450036	0.000000
0.450000	0.450013	0.000000
0.450000	0.450004	0.000000
0.450000	0.450001	0.000000
0.450000	0.450000	0.000000
0.450000	0.450000	0.000000
0.450000	0.450000	0.000000
0.450000	0.450000	0.000000
0.450000	0.450000	0.000000
0.450000	0.450000	0.000000
0.450000	0.450000	0.000000
0.450000	0.450000	0.000000
0.450000	0.450000	0.000000
0.450000	0.450000	0.000000
0.450000	0.450000	0.000000
0.450000	0.450000	0.000000
0.450000	0.450000	0.000000
0.450000	0.450000	0.000000
0.450000	0.450000	0.000000
0.450000	0.450000	0.000000
0.450000	0.450000	0.000000
0.450000	0.450000	0.000000
0.460000	0.944937	0.053408
0.460000	0.793462	0.000000
0.460000	0.671752	0.000000
0.460000	0.593358	0.000000
0.460000	0.542311	0.000000
0.460000	0.509565	0.000000
0.460000	0.489028	0.000000
0.460000	0.476488	0.000000
0.460000	0.469057	0.000000
0.460000	0.464795	0.000000
0.460000	0.462437	0.000000
0.460000	0.461183	0.000000
0.460000	0.460546	0.000000
0.460000	0.460238	0.000000
0.460000	0.460097	0.000000
0.460000	0.460037	0.000000
0.460000	0.460013	0.000000
0.460000	0.460004	0.000000
0.460000	0.460001	0.000000
0.460000	0.460000	0.000000
0.460000	0.460000	0.000000
0.460000	0.460000	0.000000
0.460000	0.460000	0.000000
0.460000	0.460000	0.000000
0.460000	0.460000	0.000000
0.460000	0.460000	0.000000
0.460000	0.460000	0.000000
0.460000	0.460000	0.000000
0.460000	0.460000	0.000000
0.460000	0.460000	0.000000
0.460000	0.460000	0.000000
0.460000	0.460000	0.000000
0.460000	0.460000	0.000000
0.460000	0.460000	0.000000
0.460000	0.460000	0.000000
0.460000	0.460000	0.000000
0.460000	0.460000	0.000000
0.470000	0.963354	0.044616
0.470000	0.808417	0.000000
0.470000	0.685589	0.000000
0.470000	0.605885	0.000000
0.470000	0.553896	0.000000
0.470000	0.520525	0.000000
0.470000	0.499590	0.000000
0.470000	0.486807	0.000000
0.470000	0.479231	0.000000
0.470000	0.474886	0.000000
0.470000	0.472483	0.000000
0.470000	0.471206	0.000000
0.470000	0.470556	0.000000
0.470000	0.470243	0.000000
0.470000	0.470099	0.000000
0.470000	0.470038	0.000000
0.470000	0.470013	0.000000
0.470000	0.470004	0.000000
0.470000	0.470001	0.000000
0.470000	0.470000	0.000000
0.470000	0.470000	0.000000
0.470000	0.470000	0.000000
0.470000	0.470000	0.000000
0.470000	0.470000	0.000000
0.470000	0.470000	0.000000
0.470000	0.470000	0.000000
0.470000	0.470000	0.000000
0.470000	0.470000	0.000000
0.470000	0.470000	0.000000
0.470000	0.470000	0.000000
0.470000	0.470000	0.000000
0.470000	0.470000	0.000000
0.470000	0.470000	0.000000
0.470000	0.470000	0.000000
0.470000	0.470000	0.000000
0.470000	0.470000	0.000000
0.470000	0.470000	0.000000
