0.001000	0.935722	0.000000
0.010000	0.010198	0.010200
0.020000	0.020763	0.020748
0.030000	0.031800	0.031686
0.040000	0.043341	0.043056
0.050000	0.055451	0.054846
0.060000	0.068219	0.067082
0.070000	0.081739	0.079764
0.080000	0.096128	0.092892
0.090000	0.111524	0.106444
0.100000	0.128088	0.120374
0.110000	0.146005	0.134593
0.120000	0.165478	0.148957
0.130000	0.186709	0.163240
0.140000	0.209868	0.177118
0.150000	0.235040	0.190164
0.160000	0.262160	0.201880
0.170000	0.290968	0.211773
0.180000	0.321017	0.219461
0.190000	0.351753	0.224758
0.200000	0.382625	0.227691
0.210000	0.413176	0.228452
0.220000	0.443084	0.227323
0.230000	0.472151	0.224605
0.240000	0.500279	0.220583
0.250000	0.527436	0.215501
0.260000	0.553635	0.209563
0.270000	0.578911	0.202929
0.280000	0.603306	0.195727
0.290000	0.626866	0.188055
0.300000	0.649627	0.179986
0.310000	0.671612	0.171586
0.320000	0.692827	0.162914
0.330000	0.713266	0.154046
0.340000	0.732920	0.145082
0.350000	0.751801	0.136160
0.360000	0.769975	0.127439
0.370000	0.787581	0.119062
0.380000	0.804812	0.111108
0.390000	0.821871	0.103571
0.400000	0.838922	0.096377
0.410000	0.856081	0.089414
0.420000	0.873416	0.082558
0.430000	0.890962	0.075681
0.440000	0.908731	0.068647
0.450000	0.926725	0.061297
0.460000	0.944937	0.053408
0.470000	0.963354	0.044616
