0.000001	0.655800	1.000000	1.000000
0.001965	0.655800	1.000000	1.000000
0.007759	0.655800	1.000000	1.000000
0.017089	0.655800	1.000000	1.000000
0.029507	0.655800	1.000000	1.000000
0.044462	0.655800	1.000000	1.000000
0.061357	0.655800	1.000000	1.000000
0.079596	0.655800	1.000000	1.000000
0.098629	0.655800	1.000000	1.000000
0.117978	0.655800	1.000000	1.000000
0.137246	0.655800	1.000000	1.000000
0.156125	0.655800	1.000000	1.000000
0.174387	0.655800	1.000000	1.000000
0.191873	0.655800	1.000000	1.000000
0.208487	0.655800	1.000000	1.000000
0.224175	0.655800	1.000000	1.000000
0.238923	0.655800	1.000000	1.000000
0.252742	0.655800	1.000000	1.000000
0.265661	0.655800	1.000000	1.000000
0.277722	0.655800	1.000000	1.000000
0.288974	0.655800	1.000000	1.000000
0.299472	0.655800	1.000000	1.000000
0.309269	0.655800	1.000000	1.000000
0.318421	0.655800	1.000000	1.000000
0.326980	0.655800	1.000000	1.000000
0.334996	0.655800	1.000000	1.000000
0.342517	0.655800	1.000000	1.000000
0.349587	0.655799	1.000000	1.000000
0.356247	0.655799	1.000000	1.000000
0.362535	0.655799	1.000000	1.000000
0.368486	0.655798	1.000000	1.000000
0.374131	0.655798	1.000000	1.000000
0.379500	0.655798	1.000000	1.000000
0.384619	0.655797	1.000000	1.000000
0.389513	0.655796	1.000000	1.000000
0.394203	0.655796	1.000000	1.000000
0.398711	0.655795	1.000000	1.000000
0.403053	0.655794	1.000000	1.000000
0.407248	0.655793	1.000000	1.000000
0.411310	0.655792	1.000000	1.000000
0.415254	0.655791	1.000000	1.000000
0.419092	0.655789	1.000000	1.000000
0.422837	0.655788	1.000000	1.000000
0.426499	0.655787	1.000000	1.000000
0.430088	0.655785	1.000000	1.000000
0.433613	0.655783	1.000000	1.000000
0.437083	0.655781	1.000000	1.000000
0.440506	0.655779	1.000000	1.000000
0.443888	0.655777	1.000000	1.000000
0.447238	0.655774	1.000000	1.000000
0.450560	0.655772	1.000000	1.000000
0.453860	0.655769	1.000000	1.000000
0.457145	0.655766	1.000000	1.000000
0.460419	0.655762	1.000000	1.000000
0.463687	0.655759	1.000000	1.000000
0.466954	0.655755	1.000000	1.000000
0.470223	0.655750	1.000000	1.000000
0.473499	0.655746	1.000000	1.000000
0.476786	0.655740	1.000000	1.000000
0.480086	0.655735	1.000000	1.000000
0.483405	0.655729	1.000000	1.000000
0.486744	0.655722	1.000000	1.000000
0.490107	0.655715	1.000000	1.000000
0.493497	0.655708	1.000000	1.000000
0.496917	0.655699	1.000000	1.000000
0.500370	0.655690	1.000000	1.000000
0.503859	0.655680	1.000000	1.000000
0.507385	0.655669	1.000000	1.000000
0.510953	0.655658	1.000000	1.000000
0.514564	0.655645	1.000000	1.000000
0.518220	0.655631	1.000000	1.000000
0.521925	0.655615	1.000000	1.000000
0.525681	0.655599	1.000000	1.000000
0.529489	0.655580	1.000000	1.000000
0.533354	0.655560	1.000000	1.000000
0.537275	0.655538	1.000000	1.000000
0.541258	0.655514	1.000000	1.000000
0.545302	0.655487	1.000000	1.000000
0.549411	0.655458	1.000000	1.000000
0.553588	0.655426	1.000000	1.000000
0.557834	0.655391	1.000000	1.000000
0.562151	0.655352	1.000000	1.000000
0.566543	0.655310	1.000000	1.000000
0.571012	0.655263	1.000000	1.000000
0.575560	0.655212	1.000000	1.000000
0.580189	0.655155	1.000000	1.000000
0.584902	0.655092	1.000000	1.000000
0.589702	0.655023	1.000000	1.000000
0.594591	0.654947	1.000000	1.000000
0.599571	0.654862	1.000000	1.000000
0.604647	0.654769	1.000000	1.000000
0.609819	0.654666	1.000000	1.000000
0.615091	0.654551	1.000000	1.000000
0.620466	0.654425	1.000000	1.000000
0.625946	0.654284	1.000000	1.000000
0.631536	0.654128	1.000000	1.000000
0.637237	0.653955	1.000000	1.000000
0.643052	0.653763	1.000000	1.000000
0.648986	0.653550	1.000000	1.000000
0.655042	0.653313	1.000000	1.000000
0.661222	0.653048	1.000000	1.000000
0.667530	0.652755	1.000000	1.000000
0.673970	0.652427	1.000000	1.000000
0.680546	0.652063	1.000000	1.000000
0.687261	0.651656	1.000000	1.000000
0.694120	0.651203	1.000000	1.000000
0.701126	0.650697	1.000000	1.000000
0.708283	0.650133	1.000000	1.000000
0.715596	0.649503	1.000000	1.000000
0.723069	0.648799	1.000000	1.000000
0.730708	0.648014	1.000000	1.000000
0.738516	0.647137	1.000000	1.000000
0.746498	0.646157	1.000000	1.000000
0.754660	0.645064	1.000000	1.000000
0.763007	0.643844	1.000000	1.000000
0.771544	0.642483	1.000000	1.000000
0.780277	0.640966	1.000000	1.000000
0.789212	0.639276	1.000000	1.000000
0.798355	0.637396	1.000000	1.000000
0.807711	0.635306	1.000000	1.000000
0.817288	0.632988	1.000000	1.000000
0.827093	0.630420	1.000000	1.000000
0.837131	0.627582	1.000000	1.000000
0.847411	0.624454	1.000000	1.000000
0.857940	0.621017	1.000000	1.000000
0.868726	0.617252	1.000000	1.000000
0.879776	0.613145	1.000000	1.000000
0.891100	0.608684	1.000000	1.000000
0.902706	0.603863	1.000000	1.000000
0.914603	0.598681	1.000000	1.000000
0.926801	0.593145	1.000000	1.000000
0.939309	0.587272	1.000000	1.000000
0.952138	0.581086	1.000000	1.000000
0.965298	0.574621	1.000000	1.000000
0.978800	0.567923	1.000000	1.000000
0.992657	0.561044	1.000000	1.000000
1.006880	0.554047	1.000000	1.000000
1.021482	0.546999	1.000000	1.000000
1.036476	0.539972	1.000000	1.000000
1.051875	0.533037	1.000000	1.000000
1.067695	0.526265	1.000000	1.000000
1.083949	0.519719	1.000000	1.000000
1.100654	0.513459	1.000000	1.000000
1.117826	0.507531	1.000000	1.000000
1.135481	0.501972	1.000000	1.000000
1.153639	0.496807	1.000000	1.000000
1.172316	0.492050	1.000000	1.000000
1.191534	0.487704	1.000000	1.000000
1.211312	0.483761	1.000000	1.000000
1.231672	0.480203	1.000000	1.000000
1.252637	0.477007	1.000000	1.000000
1.274229	0.474142	1.000000	1.000000
1.296473	0.471570	1.000000	1.000000
1.319397	0.469248	1.000000	1.000000
1.343026	0.467129	1.000000	1.000000
1.367389	0.465159	1.000000	1.000000
1.392516	0.463276	1.000000	1.000000
1.418440	0.461407	1.000000	1.000000
1.445192	0.459467	1.000000	1.000000
1.472809	0.457353	1.000000	1.000000
1.501326	0.454936	1.000000	1.000000
1.530783	0.452052	1.000000	1.000000
1.561220	0.448496	1.000000	1.000000
1.592681	0.444004	1.000000	1.000000
1.625211	0.438245	1.000000	1.000000
1.658858	0.430802	1.000000	1.000000
1.693673	0.421171	1.000000	1.000000
1.729708	0.408766	1.000000	1.000000
1.767022	0.392950	1.000000	1.000000
1.805673	0.373110	1.000000	1.000000
1.845725	0.348785	1.000000	1.000000
1.887245	0.319837	1.000000	1.000000
1.930305	0.286649	1.000000	1.000000
1.974979	0.250242	1.000000	1.000000
2.021349	0.212250	1.000000	1.000000
2.069499	0.174672	1.000000	1.000000
2.119520	0.139478	1.000000	1.000000
2.171507	0.108216	1.000000	1.000000
2.225563	0.081769	1.000000	1.000000
2.281798	0.060345	1.000000	1.000000
2.340326	0.043621	1.000000	1.000000
2.401273	0.030967	1.000000	1.000000
2.464770	0.021638	1.000000	1.000000
2.530958	0.014906	1.000000	1.000000
2.599988	0.010135	1.000000	1.000000
2.672022	0.006807	1.000000	1.000000
2.747232	0.004518	1.000000	1.000000
2.825803	0.002963	1.000000	1.000000
2.907934	0.001920	1.000000	1.000000
2.993838	0.001229	1.000000	1.000000
3.083744	0.000776	1.000000	1.000000
3.177897	0.000484	1.000000	1.000000
3.276563	0.000297	1.000000	1.000000
3.380025	0.000180	1.000000	1.000000
3.488593	0.000107	1.000000	1.000000
3.602596	0.000063	1.000000	1.000000
3.722394	0.000036	1.000000	1.000000
3.848373	0.000020	1.000000	1.000000
3.980952	0.000011	1.000000	1.000000
4.120584	0.000006	1.000000	1.000000
4.267763	0.000003	1.000000	1.000000
4.423021	0.000002	1.000000	1.000000
4.586938	0.000001	1.000000	1.000000
4.760146	0.000000	1.000000	1.000000
4.943330	0.000000	1.000000	1.000000
5.137239	0.000000	1.000000	1.000000
5.342688	0.000000	1.000000	1.000000
5.560569	0.000000	1.000000	1.000000
5.791853	0.000000	1.000000	1.000000
6.037607	0.000000	1.000000	1.000000
6.298994	0.000000	1.000000	1.000000
6.577293	0.000000	1.000000	1.000000
6.873904	0.000000	1.000000	1.000000
7.190362	0.000000	1.000000	1.000000
7.528354	0.000000	1.000000	1.000000
7.889733	0.000000	1.000000	1.000000
8.276536	0.000000	1.000000	1.000000
8.690999	0.000000	1.000000	1.000000
9.135582	0.000000	1.000000	1.000000
9.612987	0.000000	1.000000	1.000000
10.126181	0.000000	1.000000	1.000000
10.678416	0.000000	1.000000	1.000000
11.273256	0.000000	1.000000	1.000000
11.914596	0.000000	1.000000	1.000000
12.606676	0.000000	1.000000	1.000000
13.354101	0.000000	1.000000	1.000000
14.161842	0.000000	1.000000	1.000000
15.035227	0.000000	1.000000	1.000000
15.979917	0.000000	1.000000	1.000000
17.001850	0.000000	1.000000	1.000000
18.107157	0.000000	1.000000	1.000000
19.302016	0.000000	1.000000	1.000000
20.592448	0.000000	1.000000	1.000000
21.984026	0.000000	1.000000	1.000000
23.481468	0.000000	1.000000	1.000000
25.088095	0.000000	1.000000	1.000000
26.805126	0.000000	1.000000	1.000000
28.630794	0.000000	1.000000	1.000000
30.559263	0.000000	1.000000	1.000000
32.579383	0.000000	1.000000	1.000000
34.673333	0.000000	1.000000	1.000000
36.815279	0.000000	1.000000	1.000000
38.970252	0.000000	1.000000	1.000000
41.093534	0.000000	1.000000	1.000000
43.130909	0.000000	1.000000	1.000000
45.020150	0.000000	1.000000	1.000000
46.694017	0.000000	1.000000	1.000000
48.084823	0.000000	1.000000	1.000000
49.130249	0.000000	1.000000	1.000000
49.779679	0.000000	1.000000	1.000000
50.000000	0.000000	1.000000	1.000000
