0.0107623156        0.0097311365
0.0155775951        0.0149207304
0.0194306482        0.0192455647
0.0242480014        0.0248680568
0.0295464679        0.0309229286
0.0343638211        0.0365454206
0.0411077009        0.0443303298
0.0454480885        0.0503862385
0.0531541947        0.0590359072
0.0594211088        0.0672542331
0.0671355101        0.0776354945
0.0758162853        0.0897473119
0.0849760999        0.1018586108
0.0922052404        0.1109416961
0.0984763021        0.1200258184
0.1085983431        0.1330018768
0.1139092521        0.1416541377
0.1216236533        0.1520353991
0.1298233153        0.1637148367
0.1389893512        0.1771248302
0.1481491658        0.1892361291
0.1616141140        0.2000440675
0.1731525357        0.2086895887
0.1866071151        0.2173330361
0.2005490290        0.2277075578
0.2168197796        0.2242267453
0.2268671651        0.2216184689
0.2393097477        0.2190076003
0.2584298498        0.2103288989
0.2717994048        0.2012235206
0.2856438518        0.1912518275
0.3033060979        0.1782456995
0.3138034901        0.1695763301
0.3276396421        0.1578730442
0.3390909656        0.1483368415
0.3514962206        0.1379338055
0.3653302987        0.1257976214
0.3782083718        0.1140953724
0.3906074054        0.1023936418
0.3982388561        0.0954589758
0.4063493462        0.0885237913
0.4130268656        0.0824559584
0.4216101739        0.0742215609
0.4278065801        0.0677213484
0.4344820257        0.0612206174
0.4416385844        0.0551522661
0.4502156714        0.0456191740
0.4573701565        0.0391179246
0.4678696225        0.0308814533
0.4745450681        0.0243807223
0.4802665823        0.0187468245

